00000000
00010009
00020008
00030007
00040006
00050005
00060004
00070003
00080002
00090001
00100007
00110006
00120005
00130004
00140003
00150002
00160001
00170000
00180009
00190008
00200004
00210003
00220002
00230001
00240000
00250009
00260008
00270007
00280006
00290005
00300001
00310000
00320009
00330008
00340007
00350006
00360005
00370004
00380003
00390002
00400008
00410007
00420006
00430005
00440004
00450003
00460002
00470001
00480000
00490009
00500005
00510004
00520003
00530002
00540001
00550000
00560009
00570008
00580007
00590006
00600002
00610001
00620000
00630009
00640008
00650007
00660006
00670005
00680004
00690003
00700009
00710008
00720007
00730006
00740005
00750004
00760003
00770002
00780001
00790000
00800006
00810005
00820004
00830003
00840002
00850001
00860000
00870009
00880008
00890007
00900003
00910002
00920001
00930000
00940009
00950008
00960007
00970006
00980005
00990004
01000009
01010008
01020007
01030006
01040005
01050004
01060003
01070002
01080001
01090000
01100006
01110005
01120004
01130003
01140002
01150001
01160000
01170009
01180008
01190007
01200003
01210002
01220001
01230000
01240009
01250008
01260007
01270006
01280005
01290004
01300000
01310009
01320008
01330007
01340006
01350005
01360004
01370003
01380002
01390001
01400007
01410006
01420005
01430004
01440003
01450002
01460001
01470000
01480009
01490008
01500004
01510003
01520002
01530001
01540000
01550009
01560008
01570007
01580006
01590005
01600001
01610000
01620009
01630008
01640007
01650006
01660005
01670004
01680003
01690002
01700008
01710007
01720006
01730005
01740004
01750003
01760002
01770001
01780000
01790009
01800005
01810004
01820003
01830002
01840001
01850000
01860009
01870008
01880007
01890006
01900002
01910001
01920000
01930009
01940008
01950007
01960006
01970005
01980004
01990003
02000008
02010007
02020006
02030005
02040004
02050003
02060002
02070001
02080000
02090009
02100005
02110004
02120003
02130002
02140001
02150000
02160009
02170008
02180007
02190006
02200002
02210001
02220000
02230009
02240008
02250007
02260006
02270005
02280004
02290003
02300009
02310008
02320007
02330006
02340005
02350004
02360003
02370002
02380001
02390000
02400006
02410005
02420004
02430003
02440002
02450001
02460000
02470009
02480008
02490007
02500003
02510002
02520001
02530000
02540009
02550008
02560007
02570006
02580005
02590004
02600000
02610009
02620008
02630007
02640006
02650005
02660004
02670003
02680002
02690001
02700007
02710006
02720005
02730004
02740003
02750002
02760001
02770000
02780009
02790008
02800004
02810003
02820002
02830001
02840000
02850009
02860008
02870007
02880006
02890005
02900001
02910000
02920009
02930008
02940007
02950006
02960005
02970004
02980003
02990002
03000007
03010006
03020005
03030004
03040003
03050002
03060001
03070000
03080009
03090008
03100004
03110003
03120002
03130001
03140000
03150009
03160008
03170007
03180006
03190005
03200001
03210000
03220009
03230008
03240007
03250006
03260005
03270004
03280003
03290002
03300008
03310007
03320006
03330005
03340004
03350003
03360002
03370001
03380000
03390009
03400005
03410004
03420003
03430002
03440001
03450000
03460009
03470008
03480007
03490006
03500002
03510001
03520000
03530009
03540008
03550007
03560006
03570005
03580004
03590003
03600009
03610008
03620007
03630006
03640005
03650004
03660003
03670002
03680001
03690000
03700006
03710005
03720004
03730003
03740002
03750001
03760000
03770009
03780008
03790007
03800003
03810002
03820001
03830000
03840009
03850008
03860007
03870006
03880005
03890004
03900000
03910009
03920008
03930007
03940006
03950005
03960004
03970003
03980002
03990001
04000006
04010005
04020004
04030003
04040002
04050001
04060000
04070009
04080008
04090007
04100003
04110002
04120001
04130000
04140009
04150008
04160007
04170006
04180005
04190004
04200000
04210009
04220008
04230007
04240006
04250005
04260004
04270003
04280002
04290001
04300007
04310006
04320005
04330004
04340003
04350002
04360001
04370000
04380009
04390008
04400004
04410003
04420002
04430001
04440000
04450009
04460008
04470007
04480006
04490005
04500001
04510000
04520009
04530008
04540007
04550006
04560005
04570004
04580003
04590002
04600008
04610007
04620006
04630005
04640004
04650003
04660002
04670001
04680000
04690009
04700005
04710004
04720003
04730002
04740001
04750000
04760009
04770008
04780007
04790006
04800002
04810001
04820000
04830009
04840008
04850007
04860006
04870005
04880004
04890003
04900009
04910008
04920007
04930006
04940005
04950004
04960003
04970002
04980001
04990000
05000005
05010004
05020003
05030002
05040001
05050000
05060009
05070008
05080007
05090006
05100002
05110001
05120000
05130009
05140008
05150007
05160006
05170005
05180004
05190003
05200009
05210008
05220007
05230006
05240005
05250004
05260003
05270002
05280001
05290000
05300006
05310005
05320004
05330003
05340002
05350001
05360000
05370009
05380008
05390007
05400003
05410002
05420001
05430000
05440009
05450008
05460007
05470006
05480005
05490004
05500000
05510009
05520008
05530007
05540006
05550005
05560004
05570003
05580002
05590001
05600007
05610006
05620005
05630004
05640003
05650002
05660001
05670000
05680009
05690008
05700004
05710003
05720002
05730001
05740000
05750009
05760008
05770007
05780006
05790005
05800001
05810000
05820009
05830008
05840007
05850006
05860005
05870004
05880003
05890002
05900008
05910007
05920006
05930005
05940004
05950003
05960002
05970001
05980000
05990009
06000004
06010003
06020002
06030001
06040000
06050009
06060008
06070007
06080006
06090005
06100001
06110000
06120009
06130008
06140007
06150006
06160005
06170004
06180003
06190002
06200008
06210007
06220006
06230005
06240004
06250003
06260002
06270001
06280000
06290009
06300005
06310004
06320003
06330002
06340001
06350000
06360009
06370008
06380007
06390006
06400002
06410001
06420000
06430009
06440008
06450007
06460006
06470005
06480004
06490003
06500009
06510008
06520007
06530006
06540005
06550004
06560003
06570002
06580001
06590000
06600006
06610005
06620004
06630003
06640002
06650001
06660000
06670009
06680008
06690007
06700003
06710002
06720001
06730000
06740009
06750008
06760007
06770006
06780005
06790004
06800000
06810009
06820008
06830007
06840006
06850005
06860004
06870003
06880002
06890001
06900007
06910006
06920005
06930004
06940003
06950002
06960001
06970000
06980009
06990008
07000003
07010002
07020001
07030000
07040009
07050008
07060007
07070006
07080005
07090004
07100000
07110009
07120008
07130007
07140006
07150005
07160004
07170003
07180002
07190001
07200007
07210006
07220005
07230004
07240003
07250002
07260001
07270000
07280009
07290008
07300004
07310003
07320002
07330001
07340000
07350009
07360008
07370007
07380006
07390005
07400001
07410000
07420009
07430008
07440007
07450006
07460005
07470004
07480003
07490002
07500008
07510007
07520006
07530005
07540004
07550003
07560002
07570001
07580000
07590009
07600005
07610004
07620003
07630002
07640001
07650000
07660009
07670008
07680007
07690006
07700002
07710001
07720000
07730009
07740008
07750007
07760006
07770005
07780004
07790003
07800009
07810008
07820007
07830006
07840005
07850004
07860003
07870002
07880001
07890000
07900006
07910005
07920004
07930003
07940002
07950001
07960000
07970009
07980008
07990007
08000002
08010001
08020000
08030009
08040008
08050007
08060006
08070005
08080004
08090003
08100009
08110008
08120007
08130006
08140005
08150004
08160003
08170002
08180001
08190000
08200006
08210005
08220004
08230003
08240002
08250001
08260000
08270009
08280008
08290007
08300003
08310002
08320001
08330000
08340009
08350008
08360007
08370006
08380005
08390004
08400000
08410009
08420008
08430007
08440006
08450005
08460004
08470003
08480002
08490001
08500007
08510006
08520005
08530004
08540003
08550002
08560001
08570000
08580009
08590008
08600004
08610003
08620002
08630001
08640000
08650009
08660008
08670007
08680006
08690005
08700001
08710000
08720009
08730008
08740007
08750006
08760005
08770004
08780003
08790002
08800008
08810007
08820006
08830005
08840004
08850003
08860002
08870001
08880000
08890009
08900005
08910004
08920003
08930002
08940001
08950000
08960009
08970008
08980007
08990006
09000001
09010000
09020009
09030008
09040007
09050006
09060005
09070004
09080003
09090002
09100008
09110007
09120006
09130005
09140004
09150003
09160002
09170001
09180000
09190009
09200005
09210004
09220003
09230002
09240001
09250000
09260009
09270008
09280007
09290006
09300002
09310001
09320000
09330009
09340008
09350007
09360006
09370005
09380004
09390003
09400009
09410008
09420007
09430006
09440005
09450004
09460003
09470002
09480001
09490000
09500006
09510005
09520004
09530003
09540002
09550001
09560000
09570009
09580008
09590007
09600003
09610002
09620001
09630000
09640009
09650008
09660007
09670006
09680005
09690004
09700000
09710009
09720008
09730007
09740006
09750005
09760004
09770003
09780002
09790001
09800007
09810006
09820005
09830004
09840003
09850002
09860001
09870000
09880009
09890008
09900004
09910003
09920002
09930001
09940000
09950009
09960008
09970007
09980006
09990005
10000007
10010006
10020005
10030004
10040003
10050002
10060001
10070000
10080009
10090008
10100004
10110003
10120002
10130001
10140000
10150009
10160008
10170007
10180006
10190005
10200001
10210000
10220009
10230008
10240007
10250006
10260005
10270004
10280003
10290002
10300008
10310007
10320006
10330005
10340004
10350003
10360002
10370001
10380000
10390009
10400005
10410004
10420003
10430002
10440001
10450000
10460009
10470008
10480007
10490006
10500002
10510001
10520000
10530009
10540008
10550007
10560006
10570005
10580004
10590003
10600009
10610008
10620007
10630006
10640005
10650004
10660003
10670002
10680001
10690000
10700006
10710005
10720004
10730003
10740002
10750001
10760000
10770009
10780008
10790007
10800003
10810002
10820001
10830000
10840009
10850008
10860007
10870006
10880005
10890004
10900000
10910009
10920008
10930007
10940006
10950005
10960004
10970003
10980002
10990001
11000006
11010005
11020004
11030003
11040002
11050001
11060000
11070009
11080008
11090007
11100003
11110002
11120001
11130000
11140009
11150008
11160007
11170006
11180005
11190004
11200000
11210009
11220008
11230007
11240006
11250005
11260004
11270003
11280002
11290001
11300007
11310006
11320005
11330004
11340003
11350002
11360001
11370000
11380009
11390008
11400004
11410003
11420002
11430001
11440000
11450009
11460008
11470007
11480006
11490005
11500001
11510000
11520009
11530008
11540007
11550006
11560005
11570004
11580003
11590002
11600008
11610007
11620006
11630005
11640004
11650003
11660002
11670001
11680000
11690009
11700005
11710004
11720003
11730002
11740001
11750000
11760009
11770008
11780007
11790006
11800002
11810001
11820000
11830009
11840008
11850007
11860006
11870005
11880004
11890003
11900009
11910008
11920007
11930006
11940005
11950004
11960003
11970002
11980001
11990000
12000005
12010004
12020003
12030002
12040001
12050000
12060009
12070008
12080007
12090006
12100002
12110001
12120000
12130009
12140008
12150007
12160006
12170005
12180004
12190003
12200009
12210008
12220007
12230006
12240005
12250004
12260003
12270002
12280001
12290000
12300006
12310005
12320004
12330003
12340002
12350001
12360000
12370009
12380008
12390007
12400003
12410002
12420001
12430000
12440009
12450008
12460007
12470006
12480005
12490004
12500000
12510009
12520008
12530007
12540006
12550005
12560004
12570003
12580002
12590001
12600007
12610006
12620005
12630004
12640003
12650002
12660001
12670000
12680009
12690008
12700004
12710003
12720002
12730001
12740000
12750009
12760008
12770007
12780006
12790005
12800001
12810000
12820009
12830008
12840007
12850006
12860005
12870004
12880003
12890002
12900008
12910007
12920006
12930005
12940004
12950003
12960002
12970001
12980000
12990009
13000004
13010003
13020002
13030001
13040000
13050009
13060008
13070007
13080006
13090005
13100001
13110000
13120009
13130008
13140007
13150006
13160005
13170004
13180003
13190002
13200008
13210007
13220006
13230005
13240004
13250003
13260002
13270001
13280000
13290009
13300005
13310004
13320003
13330002
13340001
13350000
13360009
13370008
13380007
13390006
13400002
13410001
13420000
13430009
13440008
13450007
13460006
13470005
13480004
13490003
13500009
13510008
13520007
13530006
13540005
13550004
13560003
13570002
13580001
13590000
13600006
13610005
13620004
13630003
13640002
13650001
13660000
13670009
13680008
13690007
13700003
13710002
13720001
13730000
13740009
13750008
13760007
13770006
13780005
13790004
13800000
13810009
13820008
13830007
13840006
13850005
13860004
13870003
13880002
13890001
13900007
13910006
13920005
13930004
13940003
13950002
13960001
13970000
13980009
13990008
14000003
14010002
14020001
14030000
14040009
14050008
14060007
14070006
14080005
14090004
14100000
14110009
14120008
14130007
14140006
14150005
14160004
14170003
14180002
14190001
14200007
14210006
14220005
14230004
14240003
14250002
14260001
14270000
14280009
14290008
14300004
14310003
14320002
14330001
14340000
14350009
14360008
14370007
14380006
14390005
14400001
14410000
14420009
14430008
14440007
14450006
14460005
14470004
14480003
14490002
14500008
14510007
14520006
14530005
14540004
14550003
14560002
14570001
14580000
14590009
14600005
14610004
14620003
14630002
14640001
14650000
14660009
14670008
14680007
14690006
14700002
14710001
14720000
14730009
14740008
14750007
14760006
14770005
14780004
14790003
14800009
14810008
14820007
14830006
14840005
14850004
14860003
14870002
14880001
14890000
14900006
14910005
14920004
14930003
14940002
14950001
14960000
14970009
14980008
14990007
15000002
15010001
15020000
15030009
15040008
15050007
15060006
15070005
15080004
15090003
15100009
15110008
15120007
15130006
15140005
15150004
15160003
15170002
15180001
15190000
15200006
15210005
15220004
15230003
15240002
15250001
15260000
15270009
15280008
15290007
15300003
15310002
15320001
15330000
15340009
15350008
15360007
15370006
15380005
15390004
15400000
15410009
15420008
15430007
15440006
15450005
15460004
15470003
15480002
15490001
15500007
15510006
15520005
15530004
15540003
15550002
15560001
15570000
15580009
15590008
15600004
15610003
15620002
15630001
15640000
15650009
15660008
15670007
15680006
15690005
15700001
15710000
15720009
15730008
15740007
15750006
15760005
15770004
15780003
15790002
15800008
15810007
15820006
15830005
15840004
15850003
15860002
15870001
15880000
15890009
15900005
15910004
15920003
15930002
15940001
15950000
15960009
15970008
15980007
15990006
16000001
16010000
16020009
16030008
16040007
16050006
16060005
16070004
16080003
16090002
16100008
16110007
16120006
16130005
16140004
16150003
16160002
16170001
16180000
16190009
16200005
16210004
16220003
16230002
16240001
16250000
16260009
16270008
16280007
16290006
16300002
16310001
16320000
16330009
16340008
16350007
16360006
16370005
16380004
16390003
16400009
16410008
16420007
16430006
16440005
16450004
16460003
16470002
16480001
16490000
16500006
16510005
16520004
16530003
16540002
16550001
16560000
16570009
16580008
16590007
16600003
16610002
16620001
16630000
16640009
16650008
16660007
16670006
16680005
16690004
16700000
16710009
16720008
16730007
16740006
16750005
16760004
16770003
16780002
16790001
16800007
16810006
16820005
16830004
16840003
16850002
16860001
16870000
16880009
16890008
16900004
16910003
16920002
16930001
16940000
16950009
16960008
16970007
16980006
16990005
17000000
17010009
17020008
17030007
17040006
17050005
17060004
17070003
17080002
17090001
17100007
17110006
17120005
17130004
17140003
17150002
17160001
17170000
17180009
17190008
17200004
17210003
17220002
17230001
17240000
17250009
17260008
17270007
17280006
17290005
17300001
17310000
17320009
17330008
17340007
17350006
17360005
17370004
17380003
17390002
17400008
17410007
17420006
17430005
17440004
17450003
17460002
17470001
17480000
17490009
17500005
17510004
17520003
17530002
17540001
17550000
17560009
17570008
17580007
17590006
17600002
17610001
17620000
17630009
17640008
17650007
17660006
17670005
17680004
17690003
17700009
17710008
17720007
17730006
17740005
17750004
17760003
17770002
17780001
17790000
17800006
17810005
17820004
17830003
17840002
17850001
17860000
17870009
17880008
17890007
17900003
17910002
17920001
17930000
17940009
17950008
17960007
17970006
17980005
17990004
18000009
18010008
18020007
18030006
18040005
18050004
18060003
18070002
18080001
18090000
18100006
18110005
18120004
18130003
18140002
18150001
18160000
18170009
18180008
18190007
18200003
18210002
18220001
18230000
18240009
18250008
18260007
18270006
18280005
18290004
18300000
18310009
18320008
18330007
18340006
18350005
18360004
18370003
18380002
18390001
18400007
18410006
18420005
18430004
18440003
18450002
18460001
18470000
18480009
18490008
18500004
18510003
18520002
18530001
18540000
18550009
18560008
18570007
18580006
18590005
18600001
18610000
18620009
18630008
18640007
18650006
18660005
18670004
18680003
18690002
18700008
18710007
18720006
18730005
18740004
18750003
18760002
18770001
18780000
18790009
18800005
18810004
18820003
18830002
18840001
18850000
18860009
18870008
18880007
18890006
18900002
18910001
18920000
18930009
18940008
18950007
18960006
18970005
18980004
18990003
19000008
19010007
19020006
19030005
19040004
19050003
19060002
19070001
19080000
19090009
19100005
19110004
19120003
19130002
19140001
19150000
19160009
19170008
19180007
19190006
19200002
19210001
19220000
19230009
19240008
19250007
19260006
19270005
19280004
19290003
19300009
19310008
19320007
19330006
19340005
19350004
19360003
19370002
19380001
19390000
19400006
19410005
19420004
19430003
19440002
19450001
19460000
19470009
19480008
19490007
19500003
19510002
19520001
19530000
19540009
19550008
19560007
19570006
19580005
19590004
19600000
19610009
19620008
19630007
19640006
19650005
19660004
19670003
19680002
19690001
19700007
19710006
19720005
19730004
19740003
19750002
19760001
19770000
19780009
19790008
19800004
19810003
19820002
19830001
19840000
19850009
19860008
19870007
19880006
19890005
19900001
19910000
19920009
19930008
19940007
19950006
19960005
19970004
19980003
19990002
20000004
20010003
20020002
20030001
20040000
20050009
20060008
20070007
20080006
20090005
20100001
20110000
20120009
20130008
20140007
20150006
20160005
20170004
20180003
20190002
20200008
20210007
20220006
20230005
20240004
20250003
20260002
20270001
20280000
20290009
20300005
20310004
20320003
20330002
20340001
20350000
20360009
20370008
20380007
20390006
20400002
20410001
20420000
20430009
20440008
20450007
20460006
20470005
20480004
20490003
20500009
20510008
20520007
20530006
20540005
20550004
20560003
20570002
20580001
20590000
20600006
20610005
20620004
20630003
20640002
20650001
20660000
20670009
20680008
20690007
20700003
20710002
20720001
20730000
20740009
20750008
20760007
20770006
20780005
20790004
20800000
20810009
20820008
20830007
20840006
20850005
20860004
20870003
20880002
20890001
20900007
20910006
20920005
20930004
20940003
20950002
20960001
20970000
20980009
20990008
21000003
21010002
21020001
21030000
21040009
21050008
21060007
21070006
21080005
21090004
21100000
21110009
21120008
21130007
21140006
21150005
21160004
21170003
21180002
21190001
21200007
21210006
21220005
21230004
21240003
21250002
21260001
21270000
21280009
21290008
21300004
21310003
21320002
21330001
21340000
21350009
21360008
21370007
21380006
21390005
21400001
21410000
21420009
21430008
21440007
21450006
21460005
21470004
21480003
21490002
21500008
21510007
21520006
21530005
21540004
21550003
21560002
21570001
21580000
21590009
21600005
21610004
21620003
21630002
21640001
21650000
21660009
21670008
21680007
21690006
21700002
21710001
21720000
21730009
21740008
21750007
21760006
21770005
21780004
21790003
21800009
21810008
21820007
21830006
21840005
21850004
21860003
21870002
21880001
21890000
21900006
21910005
21920004
21930003
21940002
21950001
21960000
21970009
21980008
21990007
22000002
22010001
22020000
22030009
22040008
22050007
22060006
22070005
22080004
22090003
22100009
22110008
22120007
22130006
22140005
22150004
22160003
22170002
22180001
22190000
22200006
22210005
22220004
22230003
22240002
22250001
22260000
22270009
22280008
22290007
22300003
22310002
22320001
22330000
22340009
22350008
22360007
22370006
22380005
22390004
22400000
22410009
22420008
22430007
22440006
22450005
22460004
22470003
22480002
22490001
22500007
22510006
22520005
22530004
22540003
22550002
22560001
22570000
22580009
22590008
22600004
22610003
22620002
22630001
22640000
22650009
22660008
22670007
22680006
22690005
22700001
22710000
22720009
22730008
22740007
22750006
22760005
22770004
22780003
22790002
22800008
22810007
22820006
22830005
22840004
22850003
22860002
22870001
22880000
22890009
22900005
22910004
22920003
22930002
22940001
22950000
22960009
22970008
22980007
22990006
23000001
23010000
23020009
23030008
23040007
23050006
23060005
23070004
23080003
23090002
23100008
23110007
23120006
23130005
23140004
23150003
23160002
23170001
23180000
23190009
23200005
23210004
23220003
23230002
23240001
23250000
23260009
23270008
23280007
23290006
23300002
23310001
23320000
23330009
23340008
23350007
23360006
23370005
23380004
23390003
23400009
23410008
23420007
23430006
23440005
23450004
23460003
23470002
23480001
23490000
23500006
23510005
23520004
23530003
23540002
23550001
23560000
23570009
23580008
23590007
23600003
23610002
23620001
23630000
23640009
23650008
23660007
23670006
23680005
23690004
23700000
23710009
23720008
23730007
23740006
23750005
23760004
23770003
23780002
23790001
23800007
23810006
23820005
23830004
23840003
23850002
23860001
23870000
23880009
23890008
23900004
23910003
23920002
23930001
23940000
23950009
23960008
23970007
23980006
23990005
24000000
24010009
24020008
24030007
24040006
24050005
24060004
24070003
24080002
24090001
24100007
24110006
24120005
24130004
24140003
24150002
24160001
24170000
24180009
24190008
24200004
24210003
24220002
24230001
24240000
24250009
24260008
24270007
24280006
24290005
24300001
24310000
24320009
24330008
24340007
24350006
24360005
24370004
24380003
24390002
24400008
24410007
24420006
24430005
24440004
24450003
24460002
24470001
24480000
24490009
24500005
24510004
24520003
24530002
24540001
24550000
24560009
24570008
24580007
24590006
24600002
24610001
24620000
24630009
24640008
24650007
24660006
24670005
24680004
24690003
24700009
24710008
24720007
24730006
24740005
24750004
24760003
24770002
24780001
24790000
24800006
24810005
24820004
24830003
24840002
24850001
24860000
24870009
24880008
24890007
24900003
24910002
24920001
24930000
24940009
24950008
24960007
24970006
24980005
24990004
25000009
25010008
25020007
25030006
25040005
25050004
25060003
25070002
25080001
25090000
25100006
25110005
25120004
25130003
25140002
25150001
25160000
25170009
25180008
25190007
25200003
25210002
25220001
25230000
25240009
25250008
25260007
25270006
25280005
25290004
25300000
25310009
25320008
25330007
25340006
25350005
25360004
25370003
25380002
25390001
25400007
25410006
25420005
25430004
25440003
25450002
25460001
25470000
25480009
25490008
25500004
25510003
25520002
25530001
25540000
25550009
25560008
25570007
25580006
25590005
25600001
25610000
25620009
25630008
25640007
25650006
25660005
25670004
25680003
25690002
25700008
25710007
25720006
25730005
25740004
25750003
25760002
25770001
25780000
25790009
25800005
25810004
25820003
25830002
25840001
25850000
25860009
25870008
25880007
25890006
25900002
25910001
25920000
25930009
25940008
25950007
25960006
25970005
25980004
25990003
26000008
26010007
26020006
26030005
26040004
26050003
26060002
26070001
26080000
26090009
26100005
26110004
26120003
26130002
26140001
26150000
26160009
26170008
26180007
26190006
26200002
26210001
26220000
26230009
26240008
26250007
26260006
26270005
26280004
26290003
26300009
26310008
26320007
26330006
26340005
26350004
26360003
26370002
26380001
26390000
26400006
26410005
26420004
26430003
26440002
26450001
26460000
26470009
26480008
26490007
26500003
26510002
26520001
26530000
26540009
26550008
26560007
26570006
26580005
26590004
26600000
26610009
26620008
26630007
26640006
26650005
26660004
26670003
26680002
26690001
26700007
26710006
26720005
26730004
26740003
26750002
26760001
26770000
26780009
26790008
26800004
26810003
26820002
26830001
26840000
26850009
26860008
26870007
26880006
26890005
26900001
26910000
26920009
26930008
26940007
26950006
26960005
26970004
26980003
26990002
27000007
27010006
27020005
27030004
27040003
27050002
27060001
27070000
27080009
27090008
27100004
27110003
27120002
27130001
27140000
27150009
27160008
27170007
27180006
27190005
27200001
27210000
27220009
27230008
27240007
27250006
27260005
27270004
27280003
27290002
27300008
27310007
27320006
27330005
27340004
27350003
27360002
27370001
27380000
27390009
27400005
27410004
27420003
27430002
27440001
27450000
27460009
27470008
27480007
27490006
27500002
27510001
27520000
27530009
27540008
27550007
27560006
27570005
27580004
27590003
27600009
27610008
27620007
27630006
27640005
27650004
27660003
27670002
27680001
27690000
27700006
27710005
27720004
27730003
27740002
27750001
27760000
27770009
27780008
27790007
27800003
27810002
27820001
27830000
27840009
27850008
27860007
27870006
27880005
27890004
27900000
27910009
27920008
27930007
27940006
27950005
27960004
27970003
27980002
27990001
28000006
28010005
28020004
28030003
28040002
28050001
28060000
28070009
28080008
28090007
28100003
28110002
28120001
28130000
28140009
28150008
28160007
28170006
28180005
28190004
28200000
28210009
28220008
28230007
28240006
28250005
28260004
28270003
28280002
28290001
28300007
28310006
28320005
28330004
28340003
28350002
28360001
28370000
28380009
28390008
28400004
28410003
28420002
28430001
28440000
28450009
28460008
28470007
28480006
28490005
28500001
28510000
28520009
28530008
28540007
28550006
28560005
28570004
28580003
28590002
28600008
28610007
28620006
28630005
28640004
28650003
28660002
28670001
28680000
28690009
28700005
28710004
28720003
28730002
28740001
28750000
28760009
28770008
28780007
28790006
28800002
28810001
28820000
28830009
28840008
28850007
28860006
28870005
28880004
28890003
28900009
28910008
28920007
28930006
28940005
28950004
28960003
28970002
28980001
28990000
29000005
29010004
29020003
29030002
29040001
29050000
29060009
29070008
29080007
29090006
29100002
29110001
29120000
29130009
29140008
29150007
29160006
29170005
29180004
29190003
29200009
29210008
29220007
29230006
29240005
29250004
29260003
29270002
29280001
29290000
29300006
29310005
29320004
29330003
29340002
29350001
29360000
29370009
29380008
29390007
29400003
29410002
29420001
29430000
29440009
29450008
29460007
29470006
29480005
29490004
29500000
29510009
29520008
29530007
29540006
29550005
29560004
29570003
29580002
29590001
29600007
29610006
29620005
29630004
29640003
29650002
29660001
29670000
29680009
29690008
29700004
29710003
29720002
29730001
29740000
29750009
29760008
29770007
29780006
29790005
29800001
29810000
29820009
29830008
29840007
29850006
29860005
29870004
29880003
29890002
29900008
29910007
29920006
29930005
29940004
29950003
29960002
29970001
29980000
29990009
30000001
30010000
30020009
30030008
30040007
30050006
30060005
30070004
30080003
30090002
30100008
30110007
30120006
30130005
30140004
30150003
30160002
30170001
30180000
30190009
30200005
30210004
30220003
30230002
30240001
30250000
30260009
30270008
30280007
30290006
30300002
30310001
30320000
30330009
30340008
30350007
30360006
30370005
30380004
30390003
30400009
30410008
30420007
30430006
30440005
30450004
30460003
30470002
30480001
30490000
30500006
30510005
30520004
30530003
30540002
30550001
30560000
30570009
30580008
30590007
30600003
30610002
30620001
30630000
30640009
30650008
30660007
30670006
30680005
30690004
30700000
30710009
30720008
30730007
30740006
30750005
30760004
30770003
30780002
30790001
30800007
30810006
30820005
30830004
30840003
30850002
30860001
30870000
30880009
30890008
30900004
30910003
30920002
30930001
30940000
30950009
30960008
30970007
30980006
30990005
31000000
31010009
31020008
31030007
31040006
31050005
31060004
31070003
31080002
31090001
31100007
31110006
31120005
31130004
31140003
31150002
31160001
31170000
31180009
31190008
31200004
31210003
31220002
31230001
31240000
31250009
31260008
31270007
31280006
31290005
31300001
31310000
31320009
31330008
31340007
31350006
31360005
31370004
31380003
31390002
31400008
31410007
31420006
31430005
31440004
31450003
31460002
31470001
31480000
31490009
31500005
31510004
31520003
31530002
31540001
31550000
31560009
31570008
31580007
31590006
31600002
31610001
31620000
31630009
31640008
31650007
31660006
31670005
31680004
31690003
31700009
31710008
31720007
31730006
31740005
31750004
31760003
31770002
31780001
31790000
31800006
31810005
31820004
31830003
31840002
31850001
31860000
31870009
31880008
31890007
31900003
31910002
31920001
31930000
31940009
31950008
31960007
31970006
31980005
31990004
32000009
32010008
32020007
32030006
32040005
32050004
32060003
32070002
32080001
32090000
32100006
32110005
32120004
32130003
32140002
32150001
32160000
32170009
32180008
32190007
32200003
32210002
32220001
32230000
32240009
32250008
32260007
32270006
32280005
32290004
32300000
32310009
32320008
32330007
32340006
32350005
32360004
32370003
32380002
32390001
32400007
32410006
32420005
32430004
32440003
32450002
32460001
32470000
32480009
32490008
32500004
32510003
32520002
32530001
32540000
32550009
32560008
32570007
32580006
32590005
32600001
32610000
32620009
32630008
32640007
32650006
32660005
32670004
32680003
32690002
32700008
32710007
32720006
32730005
32740004
32750003
32760002
32770001
32780000
32790009
32800005
32810004
32820003
32830002
32840001
32850000
32860009
32870008
32880007
32890006
32900002
32910001
32920000
32930009
32940008
32950007
32960006
32970005
32980004
32990003
33000008
33010007
33020006
33030005
33040004
33050003
33060002
33070001
33080000
33090009
33100005
33110004
33120003
33130002
33140001
33150000
33160009
33170008
33180007
33190006
33200002
33210001
33220000
33230009
33240008
33250007
33260006
33270005
33280004
33290003
33300009
33310008
33320007
33330006
33340005
33350004
33360003
33370002
33380001
33390000
33400006
33410005
33420004
33430003
33440002
33450001
33460000
33470009
33480008
33490007
33500003
33510002
33520001
33530000
33540009
33550008
33560007
33570006
33580005
33590004
33600000
33610009
33620008
33630007
33640006
33650005
33660004
33670003
33680002
33690001
33700007
33710006
33720005
33730004
33740003
33750002
33760001
33770000
33780009
33790008
33800004
33810003
33820002
33830001
33840000
33850009
33860008
33870007
33880006
33890005
33900001
33910000
33920009
33930008
33940007
33950006
33960005
33970004
33980003
33990002
34000007
34010006
34020005
34030004
34040003
34050002
34060001
34070000
34080009
34090008
34100004
34110003
34120002
34130001
34140000
34150009
34160008
34170007
34180006
34190005
34200001
34210000
34220009
34230008
34240007
34250006
34260005
34270004
34280003
34290002
34300008
34310007
34320006
34330005
34340004
34350003
34360002
34370001
34380000
34390009
34400005
34410004
34420003
34430002
34440001
34450000
34460009
34470008
34480007
34490006
34500002
34510001
34520000
34530009
34540008
34550007
34560006
34570005
34580004
34590003
34600009
34610008
34620007
34630006
34640005
34650004
34660003
34670002
34680001
34690000
34700006
34710005
34720004
34730003
34740002
34750001
34760000
34770009
34780008
34790007
34800003
34810002
34820001
34830000
34840009
34850008
34860007
34870006
34880005
34890004
34900000
34910009
34920008
34930007
34940006
34950005
34960004
34970003
34980002
34990001
35000006
35010005
35020004
35030003
35040002
35050001
35060000
35070009
35080008
35090007
35100003
35110002
35120001
35130000
35140009
35150008
35160007
35170006
35180005
35190004
35200000
35210009
35220008
35230007
35240006
35250005
35260004
35270003
35280002
35290001
35300007
35310006
35320005
35330004
35340003
35350002
35360001
35370000
35380009
35390008
35400004
35410003
35420002
35430001
35440000
35450009
35460008
35470007
35480006
35490005
35500001
35510000
35520009
35530008
35540007
35550006
35560005
35570004
35580003
35590002
35600008
35610007
35620006
35630005
35640004
35650003
35660002
35670001
35680000
35690009
35700005
35710004
35720003
35730002
35740001
35750000
35760009
35770008
35780007
35790006
35800002
35810001
35820000
35830009
35840008
35850007
35860006
35870005
35880004
35890003
35900009
35910008
35920007
35930006
35940005
35950004
35960003
35970002
35980001
35990000
36000005
36010004
36020003
36030002
36040001
36050000
36060009
36070008
36080007
36090006
36100002
36110001
36120000
36130009
36140008
36150007
36160006
36170005
36180004
36190003
36200009
36210008
36220007
36230006
36240005
36250004
36260003
36270002
36280001
36290000
36300006
36310005
36320004
36330003
36340002
36350001
36360000
36370009
36380008
36390007
36400003
36410002
36420001
36430000
36440009
36450008
36460007
36470006
36480005
36490004
36500000
36510009
36520008
36530007
36540006
36550005
36560004
36570003
36580002
36590001
36600007
36610006
36620005
36630004
36640003
36650002
36660001
36670000
36680009
36690008
36700004
36710003
36720002
36730001
36740000
36750009
36760008
36770007
36780006
36790005
36800001
36810000
36820009
36830008
36840007
36850006
36860005
36870004
36880003
36890002
36900008
36910007
36920006
36930005
36940004
36950003
36960002
36970001
36980000
36990009
37000004
37010003
37020002
37030001
37040000
37050009
37060008
37070007
37080006
37090005
37100001
37110000
37120009
37130008
37140007
37150006
37160005
37170004
37180003
37190002
37200008
37210007
37220006
37230005
37240004
37250003
37260002
37270001
37280000
37290009
37300005
37310004
37320003
37330002
37340001
37350000
37360009
37370008
37380007
37390006
37400002
37410001
37420000
37430009
37440008
37450007
37460006
37470005
37480004
37490003
37500009
37510008
37520007
37530006
37540005
37550004
37560003
37570002
37580001
37590000
37600006
37610005
37620004
37630003
37640002
37650001
37660000
37670009
37680008
37690007
37700003
37710002
37720001
37730000
37740009
37750008
37760007
37770006
37780005
37790004
37800000
37810009
37820008
37830007
37840006
37850005
37860004
37870003
37880002
37890001
37900007
37910006
37920005
37930004
37940003
37950002
37960001
37970000
37980009
37990008
38000003
38010002
38020001
38030000
38040009
38050008
38060007
38070006
38080005
38090004
38100000
38110009
38120008
38130007
38140006
38150005
38160004
38170003
38180002
38190001
38200007
38210006
38220005
38230004
38240003
38250002
38260001
38270000
38280009
38290008
38300004
38310003
38320002
38330001
38340000
38350009
38360008
38370007
38380006
38390005
38400001
38410000
38420009
38430008
38440007
38450006
38460005
38470004
38480003
38490002
38500008
38510007
38520006
38530005
38540004
38550003
38560002
38570001
38580000
38590009
38600005
38610004
38620003
38630002
38640001
38650000
38660009
38670008
38680007
38690006
38700002
38710001
38720000
38730009
38740008
38750007
38760006
38770005
38780004
38790003
38800009
38810008
38820007
38830006
38840005
38850004
38860003
38870002
38880001
38890000
38900006
38910005
38920004
38930003
38940002
38950001
38960000
38970009
38980008
38990007
39000002
39010001
39020000
39030009
39040008
39050007
39060006
39070005
39080004
39090003
39100009
39110008
39120007
39130006
39140005
39150004
39160003
39170002
39180001
39190000
39200006
39210005
39220004
39230003
39240002
39250001
39260000
39270009
39280008
39290007
39300003
39310002
39320001
39330000
39340009
39350008
39360007
39370006
39380005
39390004
39400000
39410009
39420008
39430007
39440006
39450005
39460004
39470003
39480002
39490001
39500007
39510006
39520005
39530004
39540003
39550002
39560001
39570000
39580009
39590008
39600004
39610003
39620002
39630001
39640000
39650009
39660008
39670007
39680006
39690005
39700001
39710000
39720009
39730008
39740007
39750006
39760005
39770004
39780003
39790002
39800008
39810007
39820006
39830005
39840004
39850003
39860002
39870001
39880000
39890009
39900005
39910004
39920003
39930002
39940001
39950000
39960009
39970008
39980007
39990006
40000008
40010007
40020006
40030005
40040004
40050003
40060002
40070001
40080000
40090009
40100005
40110004
40120003
40130002
40140001
40150000
40160009
40170008
40180007
40190006
40200002
40210001
40220000
40230009
40240008
40250007
40260006
40270005
40280004
40290003
40300009
40310008
40320007
40330006
40340005
40350004
40360003
40370002
40380001
40390000
40400006
40410005
40420004
40430003
40440002
40450001
40460000
40470009
40480008
40490007
40500003
40510002
40520001
40530000
40540009
40550008
40560007
40570006
40580005
40590004
40600000
40610009
40620008
40630007
40640006
40650005
40660004
40670003
40680002
40690001
40700007
40710006
40720005
40730004
40740003
40750002
40760001
40770000
40780009
40790008
40800004
40810003
40820002
40830001
40840000
40850009
40860008
40870007
40880006
40890005
40900001
40910000
40920009
40930008
40940007
40950006
40960005
40970004
40980003
40990002
41000007
41010006
41020005
41030004
41040003
41050002
41060001
41070000
41080009
41090008
41100004
41110003
41120002
41130001
41140000
41150009
41160008
41170007
41180006
41190005
41200001
41210000
41220009
41230008
41240007
41250006
41260005
41270004
41280003
41290002
41300008
41310007
41320006
41330005
41340004
41350003
41360002
41370001
41380000
41390009
41400005
41410004
41420003
41430002
41440001
41450000
41460009
41470008
41480007
41490006
41500002
41510001
41520000
41530009
41540008
41550007
41560006
41570005
41580004
41590003
41600009
41610008
41620007
41630006
41640005
41650004
41660003
41670002
41680001
41690000
41700006
41710005
41720004
41730003
41740002
41750001
41760000
41770009
41780008
41790007
41800003
41810002
41820001
41830000
41840009
41850008
41860007
41870006
41880005
41890004
41900000
41910009
41920008
41930007
41940006
41950005
41960004
41970003
41980002
41990001
42000006
42010005
42020004
42030003
42040002
42050001
42060000
42070009
42080008
42090007
42100003
42110002
42120001
42130000
42140009
42150008
42160007
42170006
42180005
42190004
42200000
42210009
42220008
42230007
42240006
42250005
42260004
42270003
42280002
42290001
42300007
42310006
42320005
42330004
42340003
42350002
42360001
42370000
42380009
42390008
42400004
42410003
42420002
42430001
42440000
42450009
42460008
42470007
42480006
42490005
42500001
42510000
42520009
42530008
42540007
42550006
42560005
42570004
42580003
42590002
42600008
42610007
42620006
42630005
42640004
42650003
42660002
42670001
42680000
42690009
42700005
42710004
42720003
42730002
42740001
42750000
42760009
42770008
42780007
42790006
42800002
42810001
42820000
42830009
42840008
42850007
42860006
42870005
42880004
42890003
42900009
42910008
42920007
42930006
42940005
42950004
42960003
42970002
42980001
42990000
43000005
43010004
43020003
43030002
43040001
43050000
43060009
43070008
43080007
43090006
43100002
43110001
43120000
43130009
43140008
43150007
43160006
43170005
43180004
43190003
43200009
43210008
43220007
43230006
43240005
43250004
43260003
43270002
43280001
43290000
43300006
43310005
43320004
43330003
43340002
43350001
43360000
43370009
43380008
43390007
43400003
43410002
43420001
43430000
43440009
43450008
43460007
43470006
43480005
43490004
43500000
43510009
43520008
43530007
43540006
43550005
43560004
43570003
43580002
43590001
43600007
43610006
43620005
43630004
43640003
43650002
43660001
43670000
43680009
43690008
43700004
43710003
43720002
43730001
43740000
43750009
43760008
43770007
43780006
43790005
43800001
43810000
43820009
43830008
43840007
43850006
43860005
43870004
43880003
43890002
43900008
43910007
43920006
43930005
43940004
43950003
43960002
43970001
43980000
43990009
44000004
44010003
44020002
44030001
44040000
44050009
44060008
44070007
44080006
44090005
44100001
44110000
44120009
44130008
44140007
44150006
44160005
44170004
44180003
44190002
44200008
44210007
44220006
44230005
44240004
44250003
44260002
44270001
44280000
44290009
44300005
44310004
44320003
44330002
44340001
44350000
44360009
44370008
44380007
44390006
44400002
44410001
44420000
44430009
44440008
44450007
44460006
44470005
44480004
44490003
44500009
44510008
44520007
44530006
44540005
44550004
44560003
44570002
44580001
44590000
44600006
44610005
44620004
44630003
44640002
44650001
44660000
44670009
44680008
44690007
44700003
44710002
44720001
44730000
44740009
44750008
44760007
44770006
44780005
44790004
44800000
44810009
44820008
44830007
44840006
44850005
44860004
44870003
44880002
44890001
44900007
44910006
44920005
44930004
44940003
44950002
44960001
44970000
44980009
44990008
45000003
45010002
45020001
45030000
45040009
45050008
45060007
45070006
45080005
45090004
45100000
45110009
45120008
45130007
45140006
45150005
45160004
45170003
45180002
45190001
45200007
45210006
45220005
45230004
45240003
45250002
45260001
45270000
45280009
45290008
45300004
45310003
45320002
45330001
45340000
45350009
45360008
45370007
45380006
45390005
45400001
45410000
45420009
45430008
45440007
45450006
45460005
45470004
45480003
45490002
45500008
45510007
45520006
45530005
45540004
45550003
45560002
45570001
45580000
45590009
45600005
45610004
45620003
45630002
45640001
45650000
45660009
45670008
45680007
45690006
45700002
45710001
45720000
45730009
45740008
45750007
45760006
45770005
45780004
45790003
45800009
45810008
45820007
45830006
45840005
45850004
45860003
45870002
45880001
45890000
45900006
45910005
45920004
45930003
45940002
45950001
45960000
45970009
45980008
45990007
46000002
46010001
46020000
46030009
46040008
46050007
46060006
46070005
46080004
46090003
46100009
46110008
46120007
46130006
46140005
46150004
46160003
46170002
46180001
46190000
46200006
46210005
46220004
46230003
46240002
46250001
46260000
46270009
46280008
46290007
46300003
46310002
46320001
46330000
46340009
46350008
46360007
46370006
46380005
46390004
46400000
46410009
46420008
46430007
46440006
46450005
46460004
46470003
46480002
46490001
46500007
46510006
46520005
46530004
46540003
46550002
46560001
46570000
46580009
46590008
46600004
46610003
46620002
46630001
46640000
46650009
46660008
46670007
46680006
46690005
46700001
46710000
46720009
46730008
46740007
46750006
46760005
46770004
46780003
46790002
46800008
46810007
46820006
46830005
46840004
46850003
46860002
46870001
46880000
46890009
46900005
46910004
46920003
46930002
46940001
46950000
46960009
46970008
46980007
46990006
47000001
47010000
47020009
47030008
47040007
47050006
47060005
47070004
47080003
47090002
47100008
47110007
47120006
47130005
47140004
47150003
47160002
47170001
47180000
47190009
47200005
47210004
47220003
47230002
47240001
47250000
47260009
47270008
47280007
47290006
47300002
47310001
47320000
47330009
47340008
47350007
47360006
47370005
47380004
47390003
47400009
47410008
47420007
47430006
47440005
47450004
47460003
47470002
47480001
47490000
47500006
47510005
47520004
47530003
47540002
47550001
47560000
47570009
47580008
47590007
47600003
47610002
47620001
47630000
47640009
47650008
47660007
47670006
47680005
47690004
47700000
47710009
47720008
47730007
47740006
47750005
47760004
47770003
47780002
47790001
47800007
47810006
47820005
47830004
47840003
47850002
47860001
47870000
47880009
47890008
47900004
47910003
47920002
47930001
47940000
47950009
47960008
47970007
47980006
47990005
48000000
48010009
48020008
48030007
48040006
48050005
48060004
48070003
48080002
48090001
48100007
48110006
48120005
48130004
48140003
48150002
48160001
48170000
48180009
48190008
48200004
48210003
48220002
48230001
48240000
48250009
48260008
48270007
48280006
48290005
48300001
48310000
48320009
48330008
48340007
48350006
48360005
48370004
48380003
48390002
48400008
48410007
48420006
48430005
48440004
48450003
48460002
48470001
48480000
48490009
48500005
48510004
48520003
48530002
48540001
48550000
48560009
48570008
48580007
48590006
48600002
48610001
48620000
48630009
48640008
48650007
48660006
48670005
48680004
48690003
48700009
48710008
48720007
48730006
48740005
48750004
48760003
48770002
48780001
48790000
48800006
48810005
48820004
48830003
48840002
48850001
48860000
48870009
48880008
48890007
48900003
48910002
48920001
48930000
48940009
48950008
48960007
48970006
48980005
48990004
49000009
49010008
49020007
49030006
49040005
49050004
49060003
49070002
49080001
49090000
49100006
49110005
49120004
49130003
49140002
49150001
49160000
49170009
49180008
49190007
49200003
49210002
49220001
49230000
49240009
49250008
49260007
49270006
49280005
49290004
49300000
49310009
49320008
49330007
49340006
49350005
49360004
49370003
49380002
49390001
49400007
49410006
49420005
49430004
49440003
49450002
49460001
49470000
49480009
49490008
49500004
49510003
49520002
49530001
49540000
49550009
49560008
49570007
49580006
49590005
49600001
49610000
49620009
49630008
49640007
49650006
49660005
49670004
49680003
49690002
49700008
49710007
49720006
49730005
49740004
49750003
49760002
49770001
49780000
49790009
49800005
49810004
49820003
49830002
49840001
49850000
49860009
49870008
49880007
49890006
49900002
49910001
49920000
49930009
49940008
49950007
49960006
49970005
49980004
49990003
50000005
50010004
50020003
50030002
50040001
50050000
50060009
50070008
50080007
50090006
50100002
50110001
50120000
50130009
50140008
50150007
50160006
50170005
50180004
50190003
50200009
50210008
50220007
50230006
50240005
50250004
50260003
50270002
50280001
50290000
50300006
50310005
50320004
50330003
50340002
50350001
50360000
50370009
50380008
50390007
50400003
50410002
50420001
50430000
50440009
50450008
50460007
50470006
50480005
50490004
50500000
50510009
50520008
50530007
50540006
50550005
50560004
50570003
50580002
50590001
50600007
50610006
50620005
50630004
50640003
50650002
50660001
50670000
50680009
50690008
50700004
50710003
50720002
50730001
50740000
50750009
50760008
50770007
50780006
50790005
50800001
50810000
50820009
50830008
50840007
50850006
50860005
50870004
50880003
50890002
50900008
50910007
50920006
50930005
50940004
50950003
50960002
50970001
50980000
50990009
51000004
51010003
51020002
51030001
51040000
51050009
51060008
51070007
51080006
51090005
51100001
51110000
51120009
51130008
51140007
51150006
51160005
51170004
51180003
51190002
51200008
51210007
51220006
51230005
51240004
51250003
51260002
51270001
51280000
51290009
51300005
51310004
51320003
51330002
51340001
51350000
51360009
51370008
51380007
51390006
51400002
51410001
51420000
51430009
51440008
51450007
51460006
51470005
51480004
51490003
51500009
51510008
51520007
51530006
51540005
51550004
51560003
51570002
51580001
51590000
51600006
51610005
51620004
51630003
51640002
51650001
51660000
51670009
51680008
51690007
51700003
51710002
51720001
51730000
51740009
51750008
51760007
51770006
51780005
51790004
51800000
51810009
51820008
51830007
51840006
51850005
51860004
51870003
51880002
51890001
51900007
51910006
51920005
51930004
51940003
51950002
51960001
51970000
51980009
51990008
52000003
52010002
52020001
52030000
52040009
52050008
52060007
52070006
52080005
52090004
52100000
52110009
52120008
52130007
52140006
52150005
52160004
52170003
52180002
52190001
52200007
52210006
52220005
52230004
52240003
52250002
52260001
52270000
52280009
52290008
52300004
52310003
52320002
52330001
52340000
52350009
52360008
52370007
52380006
52390005
52400001
52410000
52420009
52430008
52440007
52450006
52460005
52470004
52480003
52490002
52500008
52510007
52520006
52530005
52540004
52550003
52560002
52570001
52580000
52590009
52600005
52610004
52620003
52630002
52640001
52650000
52660009
52670008
52680007
52690006
52700002
52710001
52720000
52730009
52740008
52750007
52760006
52770005
52780004
52790003
52800009
52810008
52820007
52830006
52840005
52850004
52860003
52870002
52880001
52890000
52900006
52910005
52920004
52930003
52940002
52950001
52960000
52970009
52980008
52990007
53000002
53010001
53020000
53030009
53040008
53050007
53060006
53070005
53080004
53090003
53100009
53110008
53120007
53130006
53140005
53150004
53160003
53170002
53180001
53190000
53200006
53210005
53220004
53230003
53240002
53250001
53260000
53270009
53280008
53290007
53300003
53310002
53320001
53330000
53340009
53350008
53360007
53370006
53380005
53390004
53400000
53410009
53420008
53430007
53440006
53450005
53460004
53470003
53480002
53490001
53500007
53510006
53520005
53530004
53540003
53550002
53560001
53570000
53580009
53590008
53600004
53610003
53620002
53630001
53640000
53650009
53660008
53670007
53680006
53690005
53700001
53710000
53720009
53730008
53740007
53750006
53760005
53770004
53780003
53790002
53800008
53810007
53820006
53830005
53840004
53850003
53860002
53870001
53880000
53890009
53900005
53910004
53920003
53930002
53940001
53950000
53960009
53970008
53980007
53990006
54000001
54010000
54020009
54030008
54040007
54050006
54060005
54070004
54080003
54090002
54100008
54110007
54120006
54130005
54140004
54150003
54160002
54170001
54180000
54190009
54200005
54210004
54220003
54230002
54240001
54250000
54260009
54270008
54280007
54290006
54300002
54310001
54320000
54330009
54340008
54350007
54360006
54370005
54380004
54390003
54400009
54410008
54420007
54430006
54440005
54450004
54460003
54470002
54480001
54490000
54500006
54510005
54520004
54530003
54540002
54550001
54560000
54570009
54580008
54590007
54600003
54610002
54620001
54630000
54640009
54650008
54660007
54670006
54680005
54690004
54700000
54710009
54720008
54730007
54740006
54750005
54760004
54770003
54780002
54790001
54800007
54810006
54820005
54830004
54840003
54850002
54860001
54870000
54880009
54890008
54900004
54910003
54920002
54930001
54940000
54950009
54960008
54970007
54980006
54990005
55000000
55010009
55020008
55030007
55040006
55050005
55060004
55070003
55080002
55090001
55100007
55110006
55120005
55130004
55140003
55150002
55160001
55170000
55180009
55190008
55200004
55210003
55220002
55230001
55240000
55250009
55260008
55270007
55280006
55290005
55300001
55310000
55320009
55330008
55340007
55350006
55360005
55370004
55380003
55390002
55400008
55410007
55420006
55430005
55440004
55450003
55460002
55470001
55480000
55490009
55500005
55510004
55520003
55530002
55540001
55550000
55560009
55570008
55580007
55590006
55600002
55610001
55620000
55630009
55640008
55650007
55660006
55670005
55680004
55690003
55700009
55710008
55720007
55730006
55740005
55750004
55760003
55770002
55780001
55790000
55800006
55810005
55820004
55830003
55840002
55850001
55860000
55870009
55880008
55890007
55900003
55910002
55920001
55930000
55940009
55950008
55960007
55970006
55980005
55990004
56000009
56010008
56020007
56030006
56040005
56050004
56060003
56070002
56080001
56090000
56100006
56110005
56120004
56130003
56140002
56150001
56160000
56170009
56180008
56190007
56200003
56210002
56220001
56230000
56240009
56250008
56260007
56270006
56280005
56290004
56300000
56310009
56320008
56330007
56340006
56350005
56360004
56370003
56380002
56390001
56400007
56410006
56420005
56430004
56440003
56450002
56460001
56470000
56480009
56490008
56500004
56510003
56520002
56530001
56540000
56550009
56560008
56570007
56580006
56590005
56600001
56610000
56620009
56630008
56640007
56650006
56660005
56670004
56680003
56690002
56700008
56710007
56720006
56730005
56740004
56750003
56760002
56770001
56780000
56790009
56800005
56810004
56820003
56830002
56840001
56850000
56860009
56870008
56880007
56890006
56900002
56910001
56920000
56930009
56940008
56950007
56960006
56970005
56980004
56990003
57000008
57010007
57020006
57030005
57040004
57050003
57060002
57070001
57080000
57090009
57100005
57110004
57120003
57130002
57140001
57150000
57160009
57170008
57180007
57190006
57200002
57210001
57220000
57230009
57240008
57250007
57260006
57270005
57280004
57290003
57300009
57310008
57320007
57330006
57340005
57350004
57360003
57370002
57380001
57390000
57400006
57410005
57420004
57430003
57440002
57450001
57460000
57470009
57480008
57490007
57500003
57510002
57520001
57530000
57540009
57550008
57560007
57570006
57580005
57590004
57600000
57610009
57620008
57630007
57640006
57650005
57660004
57670003
57680002
57690001
57700007
57710006
57720005
57730004
57740003
57750002
57760001
57770000
57780009
57790008
57800004
57810003
57820002
57830001
57840000
57850009
57860008
57870007
57880006
57890005
57900001
57910000
57920009
57930008
57940007
57950006
57960005
57970004
57980003
57990002
58000007
58010006
58020005
58030004
58040003
58050002
58060001
58070000
58080009
58090008
58100004
58110003
58120002
58130001
58140000
58150009
58160008
58170007
58180006
58190005
58200001
58210000
58220009
58230008
58240007
58250006
58260005
58270004
58280003
58290002
58300008
58310007
58320006
58330005
58340004
58350003
58360002
58370001
58380000
58390009
58400005
58410004
58420003
58430002
58440001
58450000
58460009
58470008
58480007
58490006
58500002
58510001
58520000
58530009
58540008
58550007
58560006
58570005
58580004
58590003
58600009
58610008
58620007
58630006
58640005
58650004
58660003
58670002
58680001
58690000
58700006
58710005
58720004
58730003
58740002
58750001
58760000
58770009
58780008
58790007
58800003
58810002
58820001
58830000
58840009
58850008
58860007
58870006
58880005
58890004
58900000
58910009
58920008
58930007
58940006
58950005
58960004
58970003
58980002
58990001
59000006
59010005
59020004
59030003
59040002
59050001
59060000
59070009
59080008
59090007
59100003
59110002
59120001
59130000
59140009
59150008
59160007
59170006
59180005
59190004
59200000
59210009
59220008
59230007
59240006
59250005
59260004
59270003
59280002
59290001
59300007
59310006
59320005
59330004
59340003
59350002
59360001
59370000
59380009
59390008
59400004
59410003
59420002
59430001
59440000
59450009
59460008
59470007
59480006
59490005
59500001
59510000
59520009
59530008
59540007
59550006
59560005
59570004
59580003
59590002
59600008
59610007
59620006
59630005
59640004
59650003
59660002
59670001
59680000
59690009
59700005
59710004
59720003
59730002
59740001
59750000
59760009
59770008
59780007
59790006
59800002
59810001
59820000
59830009
59840008
59850007
59860006
59870005
59880004
59890003
59900009
59910008
59920007
59930006
59940005
59950004
59960003
59970002
59980001
59990000
60000002
60010001
60020000
60030009
60040008
60050007
60060006
60070005
60080004
60090003
60100009
60110008
60120007
60130006
60140005
60150004
60160003
60170002
60180001
60190000
60200006
60210005
60220004
60230003
60240002
60250001
60260000
60270009
60280008
60290007
60300003
60310002
60320001
60330000
60340009
60350008
60360007
60370006
60380005
60390004
60400000
60410009
60420008
60430007
60440006
60450005
60460004
60470003
60480002
60490001
60500007
60510006
60520005
60530004
60540003
60550002
60560001
60570000
60580009
60590008
60600004
60610003
60620002
60630001
60640000
60650009
60660008
60670007
60680006
60690005
60700001
60710000
60720009
60730008
60740007
60750006
60760005
60770004
60780003
60790002
60800008
60810007
60820006
60830005
60840004
60850003
60860002
60870001
60880000
60890009
60900005
60910004
60920003
60930002
60940001
60950000
60960009
60970008
60980007
60990006
61000001
61010000
61020009
61030008
61040007
61050006
61060005
61070004
61080003
61090002
61100008
61110007
61120006
61130005
61140004
61150003
61160002
61170001
61180000
61190009
61200005
61210004
61220003
61230002
61240001
61250000
61260009
61270008
61280007
61290006
61300002
61310001
61320000
61330009
61340008
61350007
61360006
61370005
61380004
61390003
61400009
61410008
61420007
61430006
61440005
61450004
61460003
61470002
61480001
61490000
61500006
61510005
61520004
61530003
61540002
61550001
61560000
61570009
61580008
61590007
61600003
61610002
61620001
61630000
61640009
61650008
61660007
61670006
61680005
61690004
61700000
61710009
61720008
61730007
61740006
61750005
61760004
61770003
61780002
61790001
61800007
61810006
61820005
61830004
61840003
61850002
61860001
61870000
61880009
61890008
61900004
61910003
61920002
61930001
61940000
61950009
61960008
61970007
61980006
61990005
62000000
62010009
62020008
62030007
62040006
62050005
62060004
62070003
62080002
62090001
62100007
62110006
62120005
62130004
62140003
62150002
62160001
62170000
62180009
62190008
62200004
62210003
62220002
62230001
62240000
62250009
62260008
62270007
62280006
62290005
62300001
62310000
62320009
62330008
62340007
62350006
62360005
62370004
62380003
62390002
62400008
62410007
62420006
62430005
62440004
62450003
62460002
62470001
62480000
62490009
62500005
62510004
62520003
62530002
62540001
62550000
62560009
62570008
62580007
62590006
62600002
62610001
62620000
62630009
62640008
62650007
62660006
62670005
62680004
62690003
62700009
62710008
62720007
62730006
62740005
62750004
62760003
62770002
62780001
62790000
62800006
62810005
62820004
62830003
62840002
62850001
62860000
62870009
62880008
62890007
62900003
62910002
62920001
62930000
62940009
62950008
62960007
62970006
62980005
62990004
63000009
63010008
63020007
63030006
63040005
63050004
63060003
63070002
63080001
63090000
63100006
63110005
63120004
63130003
63140002
63150001
63160000
63170009
63180008
63190007
63200003
63210002
63220001
63230000
63240009
63250008
63260007
63270006
63280005
63290004
63300000
63310009
63320008
63330007
63340006
63350005
63360004
63370003
63380002
63390001
63400007
63410006
63420005
63430004
63440003
63450002
63460001
63470000
63480009
63490008
63500004
63510003
63520002
63530001
63540000
63550009
63560008
63570007
63580006
63590005
63600001
63610000
63620009
63630008
63640007
63650006
63660005
63670004
63680003
63690002
63700008
63710007
63720006
63730005
63740004
63750003
63760002
63770001
63780000
63790009
63800005
63810004
63820003
63830002
63840001
63850000
63860009
63870008
63880007
63890006
63900002
63910001
63920000
63930009
63940008
63950007
63960006
63970005
63980004
63990003
64000008
64010007
64020006
64030005
64040004
64050003
64060002
64070001
64080000
64090009
64100005
64110004
64120003
64130002
64140001
64150000
64160009
64170008
64180007
64190006
64200002
64210001
64220000
64230009
64240008
64250007
64260006
64270005
64280004
64290003
64300009
64310008
64320007
64330006
64340005
64350004
64360003
64370002
64380001
64390000
64400006
64410005
64420004
64430003
64440002
64450001
64460000
64470009
64480008
64490007
64500003
64510002
64520001
64530000
64540009
64550008
64560007
64570006
64580005
64590004
64600000
64610009
64620008
64630007
64640006
64650005
64660004
64670003
64680002
64690001
64700007
64710006
64720005
64730004
64740003
64750002
64760001
64770000
64780009
64790008
64800004
64810003
64820002
64830001
64840000
64850009
64860008
64870007
64880006
64890005
64900001
64910000
64920009
64930008
64940007
64950006
64960005
64970004
64980003
64990002
65000007
65010006
65020005
65030004
65040003
65050002
65060001
65070000
65080009
65090008
65100004
65110003
65120002
65130001
65140000
65150009
65160008
65170007
65180006
65190005
65200001
65210000
65220009
65230008
65240007
65250006
65260005
65270004
65280003
65290002
65300008
65310007
65320006
65330005
65340004
65350003
65360002
65370001
65380000
65390009
65400005
65410004
65420003
65430002
65440001
65450000
65460009
65470008
65480007
65490006
65500002
65510001
65520000
65530009
65540008
65550007
65560006
65570005
65580004
65590003
65600009
65610008
65620007
65630006
65640005
65650004
65660003
65670002
65680001
65690000
65700006
65710005
65720004
65730003
65740002
65750001
65760000
65770009
65780008
65790007
65800003
65810002
65820001
65830000
65840009
65850008
65860007
65870006
65880005
65890004
65900000
65910009
65920008
65930007
65940006
65950005
65960004
65970003
65980002
65990001
66000006
66010005
66020004
66030003
66040002
66050001
66060000
66070009
66080008
66090007
66100003
66110002
66120001
66130000
66140009
66150008
66160007
66170006
66180005
66190004
66200000
66210009
66220008
66230007
66240006
66250005
66260004
66270003
66280002
66290001
66300007
66310006
66320005
66330004
66340003
66350002
66360001
66370000
66380009
66390008
66400004
66410003
66420002
66430001
66440000
66450009
66460008
66470007
66480006
66490005
66500001
66510000
66520009
66530008
66540007
66550006
66560005
66570004
66580003
66590002
66600008
66610007
66620006
66630005
66640004
66650003
66660002
66670001
66680000
66690009
66700005
66710004
66720003
66730002
66740001
66750000
66760009
66770008
66780007
66790006
66800002
66810001
66820000
66830009
66840008
66850007
66860006
66870005
66880004
66890003
66900009
66910008
66920007
66930006
66940005
66950004
66960003
66970002
66980001
66990000
67000005
67010004
67020003
67030002
67040001
67050000
67060009
67070008
67080007
67090006
67100002
67110001
67120000
67130009
67140008
67150007
67160006
67170005
67180004
67190003
67200009
67210008
67220007
67230006
67240005
67250004
67260003
67270002
67280001
67290000
67300006
67310005
67320004
67330003
67340002
67350001
67360000
67370009
67380008
67390007
67400003
67410002
67420001
67430000
67440009
67450008
67460007
67470006
67480005
67490004
67500000
67510009
67520008
67530007
67540006
67550005
67560004
67570003
67580002
67590001
67600007
67610006
67620005
67630004
67640003
67650002
67660001
67670000
67680009
67690008
67700004
67710003
67720002
67730001
67740000
67750009
67760008
67770007
67780006
67790005
67800001
67810000
67820009
67830008
67840007
67850006
67860005
67870004
67880003
67890002
67900008
67910007
67920006
67930005
67940004
67950003
67960002
67970001
67980000
67990009
68000004
68010003
68020002
68030001
68040000
68050009
68060008
68070007
68080006
68090005
68100001
68110000
68120009
68130008
68140007
68150006
68160005
68170004
68180003
68190002
68200008
68210007
68220006
68230005
68240004
68250003
68260002
68270001
68280000
68290009
68300005
68310004
68320003
68330002
68340001
68350000
68360009
68370008
68380007
68390006
68400002
68410001
68420000
68430009
68440008
68450007
68460006
68470005
68480004
68490003
68500009
68510008
68520007
68530006
68540005
68550004
68560003
68570002
68580001
68590000
68600006
68610005
68620004
68630003
68640002
68650001
68660000
68670009
68680008
68690007
68700003
68710002
68720001
68730000
68740009
68750008
68760007
68770006
68780005
68790004
68800000
68810009
68820008
68830007
68840006
68850005
68860004
68870003
68880002
68890001
68900007
68910006
68920005
68930004
68940003
68950002
68960001
68970000
68980009
68990008
69000003
69010002
69020001
69030000
69040009
69050008
69060007
69070006
69080005
69090004
69100000
69110009
69120008
69130007
69140006
69150005
69160004
69170003
69180002
69190001
69200007
69210006
69220005
69230004
69240003
69250002
69260001
69270000
69280009
69290008
69300004
69310003
69320002
69330001
69340000
69350009
69360008
69370007
69380006
69390005
69400001
69410000
69420009
69430008
69440007
69450006
69460005
69470004
69480003
69490002
69500008
69510007
69520006
69530005
69540004
69550003
69560002
69570001
69580000
69590009
69600005
69610004
69620003
69630002
69640001
69650000
69660009
69670008
69680007
69690006
69700002
69710001
69720000
69730009
69740008
69750007
69760006
69770005
69780004
69790003
69800009
69810008
69820007
69830006
69840005
69850004
69860003
69870002
69880001
69890000
69900006
69910005
69920004
69930003
69940002
69950001
69960000
69970009
69980008
69990007
70000009
70010008
70020007
70030006
70040005
70050004
70060003
70070002
70080001
70090000
70100006
70110005
70120004
70130003
70140002
70150001
70160000
70170009
70180008
70190007
70200003
70210002
70220001
70230000
70240009
70250008
70260007
70270006
70280005
70290004
70300000
70310009
70320008
70330007
70340006
70350005
70360004
70370003
70380002
70390001
70400007
70410006
70420005
70430004
70440003
70450002
70460001
70470000
70480009
70490008
70500004
70510003
70520002
70530001
70540000
70550009
70560008
70570007
70580006
70590005
70600001
70610000
70620009
70630008
70640007
70650006
70660005
70670004
70680003
70690002
70700008
70710007
70720006
70730005
70740004
70750003
70760002
70770001
70780000
70790009
70800005
70810004
70820003
70830002
70840001
70850000
70860009
70870008
70880007
70890006
70900002
70910001
70920000
70930009
70940008
70950007
70960006
70970005
70980004
70990003
71000008
71010007
71020006
71030005
71040004
71050003
71060002
71070001
71080000
71090009
71100005
71110004
71120003
71130002
71140001
71150000
71160009
71170008
71180007
71190006
71200002
71210001
71220000
71230009
71240008
71250007
71260006
71270005
71280004
71290003
71300009
71310008
71320007
71330006
71340005
71350004
71360003
71370002
71380001
71390000
71400006
71410005
71420004
71430003
71440002
71450001
71460000
71470009
71480008
71490007
71500003
71510002
71520001
71530000
71540009
71550008
71560007
71570006
71580005
71590004
71600000
71610009
71620008
71630007
71640006
71650005
71660004
71670003
71680002
71690001
71700007
71710006
71720005
71730004
71740003
71750002
71760001
71770000
71780009
71790008
71800004
71810003
71820002
71830001
71840000
71850009
71860008
71870007
71880006
71890005
71900001
71910000
71920009
71930008
71940007
71950006
71960005
71970004
71980003
71990002
72000007
72010006
72020005
72030004
72040003
72050002
72060001
72070000
72080009
72090008
72100004
72110003
72120002
72130001
72140000
72150009
72160008
72170007
72180006
72190005
72200001
72210000
72220009
72230008
72240007
72250006
72260005
72270004
72280003
72290002
72300008
72310007
72320006
72330005
72340004
72350003
72360002
72370001
72380000
72390009
72400005
72410004
72420003
72430002
72440001
72450000
72460009
72470008
72480007
72490006
72500002
72510001
72520000
72530009
72540008
72550007
72560006
72570005
72580004
72590003
72600009
72610008
72620007
72630006
72640005
72650004
72660003
72670002
72680001
72690000
72700006
72710005
72720004
72730003
72740002
72750001
72760000
72770009
72780008
72790007
72800003
72810002
72820001
72830000
72840009
72850008
72860007
72870006
72880005
72890004
72900000
72910009
72920008
72930007
72940006
72950005
72960004
72970003
72980002
72990001
73000006
73010005
73020004
73030003
73040002
73050001
73060000
73070009
73080008
73090007
73100003
73110002
73120001
73130000
73140009
73150008
73160007
73170006
73180005
73190004
73200000
73210009
73220008
73230007
73240006
73250005
73260004
73270003
73280002
73290001
73300007
73310006
73320005
73330004
73340003
73350002
73360001
73370000
73380009
73390008
73400004
73410003
73420002
73430001
73440000
73450009
73460008
73470007
73480006
73490005
73500001
73510000
73520009
73530008
73540007
73550006
73560005
73570004
73580003
73590002
73600008
73610007
73620006
73630005
73640004
73650003
73660002
73670001
73680000
73690009
73700005
73710004
73720003
73730002
73740001
73750000
73760009
73770008
73780007
73790006
73800002
73810001
73820000
73830009
73840008
73850007
73860006
73870005
73880004
73890003
73900009
73910008
73920007
73930006
73940005
73950004
73960003
73970002
73980001
73990000
74000005
74010004
74020003
74030002
74040001
74050000
74060009
74070008
74080007
74090006
74100002
74110001
74120000
74130009
74140008
74150007
74160006
74170005
74180004
74190003
74200009
74210008
74220007
74230006
74240005
74250004
74260003
74270002
74280001
74290000
74300006
74310005
74320004
74330003
74340002
74350001
74360000
74370009
74380008
74390007
74400003
74410002
74420001
74430000
74440009
74450008
74460007
74470006
74480005
74490004
74500000
74510009
74520008
74530007
74540006
74550005
74560004
74570003
74580002
74590001
74600007
74610006
74620005
74630004
74640003
74650002
74660001
74670000
74680009
74690008
74700004
74710003
74720002
74730001
74740000
74750009
74760008
74770007
74780006
74790005
74800001
74810000
74820009
74830008
74840007
74850006
74860005
74870004
74880003
74890002
74900008
74910007
74920006
74930005
74940004
74950003
74960002
74970001
74980000
74990009
75000004
75010003
75020002
75030001
75040000
75050009
75060008
75070007
75080006
75090005
75100001
75110000
75120009
75130008
75140007
75150006
75160005
75170004
75180003
75190002
75200008
75210007
75220006
75230005
75240004
75250003
75260002
75270001
75280000
75290009
75300005
75310004
75320003
75330002
75340001
75350000
75360009
75370008
75380007
75390006
75400002
75410001
75420000
75430009
75440008
75450007
75460006
75470005
75480004
75490003
75500009
75510008
75520007
75530006
75540005
75550004
75560003
75570002
75580001
75590000
75600006
75610005
75620004
75630003
75640002
75650001
75660000
75670009
75680008
75690007
75700003
75710002
75720001
75730000
75740009
75750008
75760007
75770006
75780005
75790004
75800000
75810009
75820008
75830007
75840006
75850005
75860004
75870003
75880002
75890001
75900007
75910006
75920005
75930004
75940003
75950002
75960001
75970000
75980009
75990008
76000003
76010002
76020001
76030000
76040009
76050008
76060007
76070006
76080005
76090004
76100000
76110009
76120008
76130007
76140006
76150005
76160004
76170003
76180002
76190001
76200007
76210006
76220005
76230004
76240003
76250002
76260001
76270000
76280009
76290008
76300004
76310003
76320002
76330001
76340000
76350009
76360008
76370007
76380006
76390005
76400001
76410000
76420009
76430008
76440007
76450006
76460005
76470004
76480003
76490002
76500008
76510007
76520006
76530005
76540004
76550003
76560002
76570001
76580000
76590009
76600005
76610004
76620003
76630002
76640001
76650000
76660009
76670008
76680007
76690006
76700002
76710001
76720000
76730009
76740008
76750007
76760006
76770005
76780004
76790003
76800009
76810008
76820007
76830006
76840005
76850004
76860003
76870002
76880001
76890000
76900006
76910005
76920004
76930003
76940002
76950001
76960000
76970009
76980008
76990007
77000002
77010001
77020000
77030009
77040008
77050007
77060006
77070005
77080004
77090003
77100009
77110008
77120007
77130006
77140005
77150004
77160003
77170002
77180001
77190000
77200006
77210005
77220004
77230003
77240002
77250001
77260000
77270009
77280008
77290007
77300003
77310002
77320001
77330000
77340009
77350008
77360007
77370006
77380005
77390004
77400000
77410009
77420008
77430007
77440006
77450005
77460004
77470003
77480002
77490001
77500007
77510006
77520005
77530004
77540003
77550002
77560001
77570000
77580009
77590008
77600004
77610003
77620002
77630001
77640000
77650009
77660008
77670007
77680006
77690005
77700001
77710000
77720009
77730008
77740007
77750006
77760005
77770004
77780003
77790002
77800008
77810007
77820006
77830005
77840004
77850003
77860002
77870001
77880000
77890009
77900005
77910004
77920003
77930002
77940001
77950000
77960009
77970008
77980007
77990006
78000001
78010000
78020009
78030008
78040007
78050006
78060005
78070004
78080003
78090002
78100008
78110007
78120006
78130005
78140004
78150003
78160002
78170001
78180000
78190009
78200005
78210004
78220003
78230002
78240001
78250000
78260009
78270008
78280007
78290006
78300002
78310001
78320000
78330009
78340008
78350007
78360006
78370005
78380004
78390003
78400009
78410008
78420007
78430006
78440005
78450004
78460003
78470002
78480001
78490000
78500006
78510005
78520004
78530003
78540002
78550001
78560000
78570009
78580008
78590007
78600003
78610002
78620001
78630000
78640009
78650008
78660007
78670006
78680005
78690004
78700000
78710009
78720008
78730007
78740006
78750005
78760004
78770003
78780002
78790001
78800007
78810006
78820005
78830004
78840003
78850002
78860001
78870000
78880009
78890008
78900004
78910003
78920002
78930001
78940000
78950009
78960008
78970007
78980006
78990005
79000000
79010009
79020008
79030007
79040006
79050005
79060004
79070003
79080002
79090001
79100007
79110006
79120005
79130004
79140003
79150002
79160001
79170000
79180009
79190008
79200004
79210003
79220002
79230001
79240000
79250009
79260008
79270007
79280006
79290005
79300001
79310000
79320009
79330008
79340007
79350006
79360005
79370004
79380003
79390002
79400008
79410007
79420006
79430005
79440004
79450003
79460002
79470001
79480000
79490009
79500005
79510004
79520003
79530002
79540001
79550000
79560009
79570008
79580007
79590006
79600002
79610001
79620000
79630009
79640008
79650007
79660006
79670005
79680004
79690003
79700009
79710008
79720007
79730006
79740005
79750004
79760003
79770002
79780001
79790000
79800006
79810005
79820004
79830003
79840002
79850001
79860000
79870009
79880008
79890007
79900003
79910002
79920001
79930000
79940009
79950008
79960007
79970006
79980005
79990004
80000006
80010005
80020004
80030003
80040002
80050001
80060000
80070009
80080008
80090007
80100003
80110002
80120001
80130000
80140009
80150008
80160007
80170006
80180005
80190004
80200000
80210009
80220008
80230007
80240006
80250005
80260004
80270003
80280002
80290001
80300007
80310006
80320005
80330004
80340003
80350002
80360001
80370000
80380009
80390008
80400004
80410003
80420002
80430001
80440000
80450009
80460008
80470007
80480006
80490005
80500001
80510000
80520009
80530008
80540007
80550006
80560005
80570004
80580003
80590002
80600008
80610007
80620006
80630005
80640004
80650003
80660002
80670001
80680000
80690009
80700005
80710004
80720003
80730002
80740001
80750000
80760009
80770008
80780007
80790006
80800002
80810001
80820000
80830009
80840008
80850007
80860006
80870005
80880004
80890003
80900009
80910008
80920007
80930006
80940005
80950004
80960003
80970002
80980001
80990000
81000005
81010004
81020003
81030002
81040001
81050000
81060009
81070008
81080007
81090006
81100002
81110001
81120000
81130009
81140008
81150007
81160006
81170005
81180004
81190003
81200009
81210008
81220007
81230006
81240005
81250004
81260003
81270002
81280001
81290000
81300006
81310005
81320004
81330003
81340002
81350001
81360000
81370009
81380008
81390007
81400003
81410002
81420001
81430000
81440009
81450008
81460007
81470006
81480005
81490004
81500000
81510009
81520008
81530007
81540006
81550005
81560004
81570003
81580002
81590001
81600007
81610006
81620005
81630004
81640003
81650002
81660001
81670000
81680009
81690008
81700004
81710003
81720002
81730001
81740000
81750009
81760008
81770007
81780006
81790005
81800001
81810000
81820009
81830008
81840007
81850006
81860005
81870004
81880003
81890002
81900008
81910007
81920006
81930005
81940004
81950003
81960002
81970001
81980000
81990009
82000004
82010003
82020002
82030001
82040000
82050009
82060008
82070007
82080006
82090005
82100001
82110000
82120009
82130008
82140007
82150006
82160005
82170004
82180003
82190002
82200008
82210007
82220006
82230005
82240004
82250003
82260002
82270001
82280000
82290009
82300005
82310004
82320003
82330002
82340001
82350000
82360009
82370008
82380007
82390006
82400002
82410001
82420000
82430009
82440008
82450007
82460006
82470005
82480004
82490003
82500009
82510008
82520007
82530006
82540005
82550004
82560003
82570002
82580001
82590000
82600006
82610005
82620004
82630003
82640002
82650001
82660000
82670009
82680008
82690007
82700003
82710002
82720001
82730000
82740009
82750008
82760007
82770006
82780005
82790004
82800000
82810009
82820008
82830007
82840006
82850005
82860004
82870003
82880002
82890001
82900007
82910006
82920005
82930004
82940003
82950002
82960001
82970000
82980009
82990008
83000003
83010002
83020001
83030000
83040009
83050008
83060007
83070006
83080005
83090004
83100000
83110009
83120008
83130007
83140006
83150005
83160004
83170003
83180002
83190001
83200007
83210006
83220005
83230004
83240003
83250002
83260001
83270000
83280009
83290008
83300004
83310003
83320002
83330001
83340000
83350009
83360008
83370007
83380006
83390005
83400001
83410000
83420009
83430008
83440007
83450006
83460005
83470004
83480003
83490002
83500008
83510007
83520006
83530005
83540004
83550003
83560002
83570001
83580000
83590009
83600005
83610004
83620003
83630002
83640001
83650000
83660009
83670008
83680007
83690006
83700002
83710001
83720000
83730009
83740008
83750007
83760006
83770005
83780004
83790003
83800009
83810008
83820007
83830006
83840005
83850004
83860003
83870002
83880001
83890000
83900006
83910005
83920004
83930003
83940002
83950001
83960000
83970009
83980008
83990007
84000002
84010001
84020000
84030009
84040008
84050007
84060006
84070005
84080004
84090003
84100009
84110008
84120007
84130006
84140005
84150004
84160003
84170002
84180001
84190000
84200006
84210005
84220004
84230003
84240002
84250001
84260000
84270009
84280008
84290007
84300003
84310002
84320001
84330000
84340009
84350008
84360007
84370006
84380005
84390004
84400000
84410009
84420008
84430007
84440006
84450005
84460004
84470003
84480002
84490001
84500007
84510006
84520005
84530004
84540003
84550002
84560001
84570000
84580009
84590008
84600004
84610003
84620002
84630001
84640000
84650009
84660008
84670007
84680006
84690005
84700001
84710000
84720009
84730008
84740007
84750006
84760005
84770004
84780003
84790002
84800008
84810007
84820006
84830005
84840004
84850003
84860002
84870001
84880000
84890009
84900005
84910004
84920003
84930002
84940001
84950000
84960009
84970008
84980007
84990006
85000001
85010000
85020009
85030008
85040007
85050006
85060005
85070004
85080003
85090002
85100008
85110007
85120006
85130005
85140004
85150003
85160002
85170001
85180000
85190009
85200005
85210004
85220003
85230002
85240001
85250000
85260009
85270008
85280007
85290006
85300002
85310001
85320000
85330009
85340008
85350007
85360006
85370005
85380004
85390003
85400009
85410008
85420007
85430006
85440005
85450004
85460003
85470002
85480001
85490000
85500006
85510005
85520004
85530003
85540002
85550001
85560000
85570009
85580008
85590007
85600003
85610002
85620001
85630000
85640009
85650008
85660007
85670006
85680005
85690004
85700000
85710009
85720008
85730007
85740006
85750005
85760004
85770003
85780002
85790001
85800007
85810006
85820005
85830004
85840003
85850002
85860001
85870000
85880009
85890008
85900004
85910003
85920002
85930001
85940000
85950009
85960008
85970007
85980006
85990005
86000000
86010009
86020008
86030007
86040006
86050005
86060004
86070003
86080002
86090001
86100007
86110006
86120005
86130004
86140003
86150002
86160001
86170000
86180009
86190008
86200004
86210003
86220002
86230001
86240000
86250009
86260008
86270007
86280006
86290005
86300001
86310000
86320009
86330008
86340007
86350006
86360005
86370004
86380003
86390002
86400008
86410007
86420006
86430005
86440004
86450003
86460002
86470001
86480000
86490009
86500005
86510004
86520003
86530002
86540001
86550000
86560009
86570008
86580007
86590006
86600002
86610001
86620000
86630009
86640008
86650007
86660006
86670005
86680004
86690003
86700009
86710008
86720007
86730006
86740005
86750004
86760003
86770002
86780001
86790000
86800006
86810005
86820004
86830003
86840002
86850001
86860000
86870009
86880008
86890007
86900003
86910002
86920001
86930000
86940009
86950008
86960007
86970006
86980005
86990004
87000009
87010008
87020007
87030006
87040005
87050004
87060003
87070002
87080001
87090000
87100006
87110005
87120004
87130003
87140002
87150001
87160000
87170009
87180008
87190007
87200003
87210002
87220001
87230000
87240009
87250008
87260007
87270006
87280005
87290004
87300000
87310009
87320008
87330007
87340006
87350005
87360004
87370003
87380002
87390001
87400007
87410006
87420005
87430004
87440003
87450002
87460001
87470000
87480009
87490008
87500004
87510003
87520002
87530001
87540000
87550009
87560008
87570007
87580006
87590005
87600001
87610000
87620009
87630008
87640007
87650006
87660005
87670004
87680003
87690002
87700008
87710007
87720006
87730005
87740004
87750003
87760002
87770001
87780000
87790009
87800005
87810004
87820003
87830002
87840001
87850000
87860009
87870008
87880007
87890006
87900002
87910001
87920000
87930009
87940008
87950007
87960006
87970005
87980004
87990003
88000008
88010007
88020006
88030005
88040004
88050003
88060002
88070001
88080000
88090009
88100005
88110004
88120003
88130002
88140001
88150000
88160009
88170008
88180007
88190006
88200002
88210001
88220000
88230009
88240008
88250007
88260006
88270005
88280004
88290003
88300009
88310008
88320007
88330006
88340005
88350004
88360003
88370002
88380001
88390000
88400006
88410005
88420004
88430003
88440002
88450001
88460000
88470009
88480008
88490007
88500003
88510002
88520001
88530000
88540009
88550008
88560007
88570006
88580005
88590004
88600000
88610009
88620008
88630007
88640006
88650005
88660004
88670003
88680002
88690001
88700007
88710006
88720005
88730004
88740003
88750002
88760001
88770000
88780009
88790008
88800004
88810003
88820002
88830001
88840000
88850009
88860008
88870007
88880006
88890005
88900001
88910000
88920009
88930008
88940007
88950006
88960005
88970004
88980003
88990002
89000007
89010006
89020005
89030004
89040003
89050002
89060001
89070000
89080009
89090008
89100004
89110003
89120002
89130001
89140000
89150009
89160008
89170007
89180006
89190005
89200001
89210000
89220009
89230008
89240007
89250006
89260005
89270004
89280003
89290002
89300008
89310007
89320006
89330005
89340004
89350003
89360002
89370001
89380000
89390009
89400005
89410004
89420003
89430002
89440001
89450000
89460009
89470008
89480007
89490006
89500002
89510001
89520000
89530009
89540008
89550007
89560006
89570005
89580004
89590003
89600009
89610008
89620007
89630006
89640005
89650004
89660003
89670002
89680001
89690000
89700006
89710005
89720004
89730003
89740002
89750001
89760000
89770009
89780008
89790007
89800003
89810002
89820001
89830000
89840009
89850008
89860007
89870006
89880005
89890004
89900000
89910009
89920008
89930007
89940006
89950005
89960004
89970003
89980002
89990001
90000003
90010002
90020001
90030000
90040009
90050008
90060007
90070006
90080005
90090004
90100000
90110009
90120008
90130007
90140006
90150005
90160004
90170003
90180002
90190001
90200007
90210006
90220005
90230004
90240003
90250002
90260001
90270000
90280009
90290008
90300004
90310003
90320002
90330001
90340000
90350009
90360008
90370007
90380006
90390005
90400001
90410000
90420009
90430008
90440007
90450006
90460005
90470004
90480003
90490002
90500008
90510007
90520006
90530005
90540004
90550003
90560002
90570001
90580000
90590009
90600005
90610004
90620003
90630002
90640001
90650000
90660009
90670008
90680007
90690006
90700002
90710001
90720000
90730009
90740008
90750007
90760006
90770005
90780004
90790003
90800009
90810008
90820007
90830006
90840005
90850004
90860003
90870002
90880001
90890000
90900006
90910005
90920004
90930003
90940002
90950001
90960000
90970009
90980008
90990007
91000002
91010001
91020000
91030009
91040008
91050007
91060006
91070005
91080004
91090003
91100009
91110008
91120007
91130006
91140005
91150004
91160003
91170002
91180001
91190000
91200006
91210005
91220004
91230003
91240002
91250001
91260000
91270009
91280008
91290007
91300003
91310002
91320001
91330000
91340009
91350008
91360007
91370006
91380005
91390004
91400000
91410009
91420008
91430007
91440006
91450005
91460004
91470003
91480002
91490001
91500007
91510006
91520005
91530004
91540003
91550002
91560001
91570000
91580009
91590008
91600004
91610003
91620002
91630001
91640000
91650009
91660008
91670007
91680006
91690005
91700001
91710000
91720009
91730008
91740007
91750006
91760005
91770004
91780003
91790002
91800008
91810007
91820006
91830005
91840004
91850003
91860002
91870001
91880000
91890009
91900005
91910004
91920003
91930002
91940001
91950000
91960009
91970008
91980007
91990006
92000001
92010000
92020009
92030008
92040007
92050006
92060005
92070004
92080003
92090002
92100008
92110007
92120006
92130005
92140004
92150003
92160002
92170001
92180000
92190009
92200005
92210004
92220003
92230002
92240001
92250000
92260009
92270008
92280007
92290006
92300002
92310001
92320000
92330009
92340008
92350007
92360006
92370005
92380004
92390003
92400009
92410008
92420007
92430006
92440005
92450004
92460003
92470002
92480001
92490000
92500006
92510005
92520004
92530003
92540002
92550001
92560000
92570009
92580008
92590007
92600003
92610002
92620001
92630000
92640009
92650008
92660007
92670006
92680005
92690004
92700000
92710009
92720008
92730007
92740006
92750005
92760004
92770003
92780002
92790001
92800007
92810006
92820005
92830004
92840003
92850002
92860001
92870000
92880009
92890008
92900004
92910003
92920002
92930001
92940000
92950009
92960008
92970007
92980006
92990005
93000000
93010009
93020008
93030007
93040006
93050005
93060004
93070003
93080002
93090001
93100007
93110006
93120005
93130004
93140003
93150002
93160001
93170000
93180009
93190008
93200004
93210003
93220002
93230001
93240000
93250009
93260008
93270007
93280006
93290005
93300001
93310000
93320009
93330008
93340007
93350006
93360005
93370004
93380003
93390002
93400008
93410007
93420006
93430005
93440004
93450003
93460002
93470001
93480000
93490009
93500005
93510004
93520003
93530002
93540001
93550000
93560009
93570008
93580007
93590006
93600002
93610001
93620000
93630009
93640008
93650007
93660006
93670005
93680004
93690003
93700009
93710008
93720007
93730006
93740005
93750004
93760003
93770002
93780001
93790000
93800006
93810005
93820004
93830003
93840002
93850001
93860000
93870009
93880008
93890007
93900003
93910002
93920001
93930000
93940009
93950008
93960007
93970006
93980005
93990004
94000009
94010008
94020007
94030006
94040005
94050004
94060003
94070002
94080001
94090000
94100006
94110005
94120004
94130003
94140002
94150001
94160000
94170009
94180008
94190007
94200003
94210002
94220001
94230000
94240009
94250008
94260007
94270006
94280005
94290004
94300000
94310009
94320008
94330007
94340006
94350005
94360004
94370003
94380002
94390001
94400007
94410006
94420005
94430004
94440003
94450002
94460001
94470000
94480009
94490008
94500004
94510003
94520002
94530001
94540000
94550009
94560008
94570007
94580006
94590005
94600001
94610000
94620009
94630008
94640007
94650006
94660005
94670004
94680003
94690002
94700008
94710007
94720006
94730005
94740004
94750003
94760002
94770001
94780000
94790009
94800005
94810004
94820003
94830002
94840001
94850000
94860009
94870008
94880007
94890006
94900002
94910001
94920000
94930009
94940008
94950007
94960006
94970005
94980004
94990003
95000008
95010007
95020006
95030005
95040004
95050003
95060002
95070001
95080000
95090009
95100005
95110004
95120003
95130002
95140001
95150000
95160009
95170008
95180007
95190006
95200002
95210001
95220000
95230009
95240008
95250007
95260006
95270005
95280004
95290003
95300009
95310008
95320007
95330006
95340005
95350004
95360003
95370002
95380001
95390000
95400006
95410005
95420004
95430003
95440002
95450001
95460000
95470009
95480008
95490007
95500003
95510002
95520001
95530000
95540009
95550008
95560007
95570006
95580005
95590004
95600000
95610009
95620008
95630007
95640006
95650005
95660004
95670003
95680002
95690001
95700007
95710006
95720005
95730004
95740003
95750002
95760001
95770000
95780009
95790008
95800004
95810003
95820002
95830001
95840000
95850009
95860008
95870007
95880006
95890005
95900001
95910000
95920009
95930008
95940007
95950006
95960005
95970004
95980003
95990002
96000007
96010006
96020005
96030004
96040003
96050002
96060001
96070000
96080009
96090008
96100004
96110003
96120002
96130001
96140000
96150009
96160008
96170007
96180006
96190005
96200001
96210000
96220009
96230008
96240007
96250006
96260005
96270004
96280003
96290002
96300008
96310007
96320006
96330005
96340004
96350003
96360002
96370001
96380000
96390009
96400005
96410004
96420003
96430002
96440001
96450000
96460009
96470008
96480007
96490006
96500002
96510001
96520000
96530009
96540008
96550007
96560006
96570005
96580004
96590003
96600009
96610008
96620007
96630006
96640005
96650004
96660003
96670002
96680001
96690000
96700006
96710005
96720004
96730003
96740002
96750001
96760000
96770009
96780008
96790007
96800003
96810002
96820001
96830000
96840009
96850008
96860007
96870006
96880005
96890004
96900000
96910009
96920008
96930007
96940006
96950005
96960004
96970003
96980002
96990001
97000006
97010005
97020004
97030003
97040002
97050001
97060000
97070009
97080008
97090007
97100003
97110002
97120001
97130000
97140009
97150008
97160007
97170006
97180005
97190004
97200000
97210009
97220008
97230007
97240006
97250005
97260004
97270003
97280002
97290001
97300007
97310006
97320005
97330004
97340003
97350002
97360001
97370000
97380009
97390008
97400004
97410003
97420002
97430001
97440000
97450009
97460008
97470007
97480006
97490005
97500001
97510000
97520009
97530008
97540007
97550006
97560005
97570004
97580003
97590002
97600008
97610007
97620006
97630005
97640004
97650003
97660002
97670001
97680000
97690009
97700005
97710004
97720003
97730002
97740001
97750000
97760009
97770008
97780007
97790006
97800002
97810001
97820000
97830009
97840008
97850007
97860006
97870005
97880004
97890003
97900009
97910008
97920007
97930006
97940005
97950004
97960003
97970002
97980001
97990000
98000005
98010004
98020003
98030002
98040001
98050000
98060009
98070008
98080007
98090006
98100002
98110001
98120000
98130009
98140008
98150007
98160006
98170005
98180004
98190003
98200009
98210008
98220007
98230006
98240005
98250004
98260003
98270002
98280001
98290000
98300006
98310005
98320004
98330003
98340002
98350001
98360000
98370009
98380008
98390007
98400003
98410002
98420001
98430000
98440009
98450008
98460007
98470006
98480005
98490004
98500000
98510009
98520008
98530007
98540006
98550005
98560004
98570003
98580002
98590001
98600007
98610006
98620005
98630004
98640003
98650002
98660001
98670000
98680009
98690008
98700004
98710003
98720002
98730001
98740000
98750009
98760008
98770007
98780006
98790005
98800001
98810000
98820009
98830008
98840007
98850006
98860005
98870004
98880003
98890002
98900008
98910007
98920006
98930005
98940004
98950003
98960002
98970001
98980000
98990009
99000004
99010003
99020002
99030001
99040000
99050009
99060008
99070007
99080006
99090005
99100001
99110000
99120009
99130008
99140007
99150006
99160005
99170004
99180003
99190002
99200008
99210007
99220006
99230005
99240004
99250003
99260002
99270001
99280000
99290009
99300005
99310004
99320003
99330002
99340001
99350000
99360009
99370008
99380007
99390006
99400002
99410001
99420000
99430009
99440008
99450007
99460006
99470005
99480004
99490003
99500009
99510008
99520007
99530006
99540005
99550004
99560003
99570002
99580001
99590000
99600006
99610005
99620004
99630003
99640002
99650001
99660000
99670009
99680008
99690007
99700003
99710002
99720001
99730000
99740009
99750008
99760007
99770006
99780005
99790004
99800000
99810009
99820008
99830007
99840006
99850005
99860004
99870003
99880002
99890001
99900007
99910006
99920005
99930004
99940003
99950002
99960001
99970000
99980009
99990008
00000000
00000017
00000024
00000031
00000048
00000055
00000062
00000079
00000086
00000093
00000109
00000116
00000123
00000130
00000147
00000154
00000161
00000178
00000185
00000192
00000208
00000215
00000222
00000239
00000246
00000253
00000260
00000277
00000284
00000291
00000307
00000314
00000321
00000338
00000345
00000352
00000369
00000376
00000383
00000390
00000406
00000413
00000420
00000437
00000444
00000451
00000468
00000475
00000482
00000499
00000505
00000512
00000529
00000536
00000543
00000550
00000567
00000574
00000581
00000598
00000604
00000611
00000628
00000635
00000642
00000659
00000666
00000673
00000680
00000697
00000703
00000710
00000727
00000734
00000741
00000758
00000765
00000772
00000789
00000796
00000802
00000819
00000826
00000833
00000840
00000857
00000864
00000871
00000888
00000895
00000901
00000918
00000925
00000932
00000949
00000956
00000963
00000970
00000987
00000994
00001007
00001014
00001021
00001038
00001045
00001052
00001069
00001076
00001083
00001090
00001106
00001113
00001120
00001137
00001144
00001151
00001168
00001175
00001182
00001199
00001205
00001212
00001229
00001236
00001243
00001250
00001267
00001274
00001281
00001298
00001304
00001311
00001328
00001335
00001342
00001359
00001366
00001373
00001380
00001397
00001403
00001410
00001427
00001434
00001441
00001458
00001465
00001472
00001489
00001496
00001502
00001519
00001526
00001533
00001540
00001557
00001564
00001571
00001588
00001595
00001601
00001618
00001625
00001632
00001649
00001656
00001663
00001670
00001687
00001694
00001700
00001717
00001724
00001731
00001748
00001755
00001762
00001779
00001786
00001793
00001809
00001816
00001823
00001830
00001847
00001854
00001861
00001878
00001885
00001892
00001908
00001915
00001922
00001939
00001946
00001953
00001960
00001977
00001984
00001991
00002004
00002011
00002028
00002035
00002042
00002059
00002066
00002073
00002080
00002097
00002103
00002110
00002127
00002134
00002141
00002158
00002165
00002172
00002189
00002196
00002202
00002219
00002226
00002233
00002240
00002257
00002264
00002271
00002288
00002295
00002301
00002318
00002325
00002332
00002349
00002356
00002363
00002370
00002387
00002394
00002400
00002417
00002424
00002431
00002448
00002455
00002462
00002479
00002486
00002493
00002509
00002516
00002523
00002530
00002547
00002554
00002561
00002578
00002585
00002592
00002608
00002615
00002622
00002639
00002646
00002653
00002660
00002677
00002684
00002691
00002707
00002714
00002721
00002738
00002745
00002752
00002769
00002776
00002783
00002790
00002806
00002813
00002820
00002837
00002844
00002851
00002868
00002875
00002882
00002899
00002905
00002912
00002929
00002936
00002943
00002950
00002967
00002974
00002981
00002998
00003001
00003018
00003025
00003032
00003049
00003056
00003063
00003070
00003087
00003094
00003100
00003117
00003124
00003131
00003148
00003155
00003162
00003179
00003186
00003193
00003209
00003216
00003223
00003230
00003247
00003254
00003261
00003278
00003285
00003292
00003308
00003315
00003322
00003339
00003346
00003353
00003360
00003377
00003384
00003391
00003407
00003414
00003421
00003438
00003445
00003452
00003469
00003476
00003483
00003490
00003506
00003513
00003520
00003537
00003544
00003551
00003568
00003575
00003582
00003599
00003605
00003612
00003629
00003636
00003643
00003650
00003667
00003674
00003681
00003698
00003704
00003711
00003728
00003735
00003742
00003759
00003766
00003773
00003780
00003797
00003803
00003810
00003827
00003834
00003841
00003858
00003865
00003872
00003889
00003896
00003902
00003919
00003926
00003933
00003940
00003957
00003964
00003971
00003988
00003995
00004008
00004015
00004022
00004039
00004046
00004053
00004060
00004077
00004084
00004091
00004107
00004114
00004121
00004138
00004145
00004152
00004169
00004176
00004183
00004190
00004206
00004213
00004220
00004237
00004244
00004251
00004268
00004275
00004282
00004299
00004305
00004312
00004329
00004336
00004343
00004350
00004367
00004374
00004381
00004398
00004404
00004411
00004428
00004435
00004442
00004459
00004466
00004473
00004480
00004497
00004503
00004510
00004527
00004534
00004541
00004558
00004565
00004572
00004589
00004596
00004602
00004619
00004626
00004633
00004640
00004657
00004664
00004671
00004688
00004695
00004701
00004718
00004725
00004732
00004749
00004756
00004763
00004770
00004787
00004794
00004800
00004817
00004824
00004831
00004848
00004855
00004862
00004879
00004886
00004893
00004909
00004916
00004923
00004930
00004947
00004954
00004961
00004978
00004985
00004992
00005005
00005012
00005029
00005036
00005043
00005050
00005067
00005074
00005081
00005098
00005104
00005111
00005128
00005135
00005142
00005159
00005166
00005173
00005180
00005197
00005203
00005210
00005227
00005234
00005241
00005258
00005265
00005272
00005289
00005296
00005302
00005319
00005326
00005333
00005340
00005357
00005364
00005371
00005388
00005395
00005401
00005418
00005425
00005432
00005449
00005456
00005463
00005470
00005487
00005494
00005500
00005517
00005524
00005531
00005548
00005555
00005562
00005579
00005586
00005593
00005609
00005616
00005623
00005630
00005647
00005654
00005661
00005678
00005685
00005692
00005708
00005715
00005722
00005739
00005746
00005753
00005760
00005777
00005784
00005791
00005807
00005814
00005821
00005838
00005845
00005852
00005869
00005876
00005883
00005890
00005906
00005913
00005920
00005937
00005944
00005951
00005968
00005975
00005982
00005999
00006002
00006019
00006026
00006033
00006040
00006057
00006064
00006071
00006088
00006095
00006101
00006118
00006125
00006132
00006149
00006156
00006163
00006170
00006187
00006194
00006200
00006217
00006224
00006231
00006248
00006255
00006262
00006279
00006286
00006293
00006309
00006316
00006323
00006330
00006347
00006354
00006361
00006378
00006385
00006392
00006408
00006415
00006422
00006439
00006446
00006453
00006460
00006477
00006484
00006491
00006507
00006514
00006521
00006538
00006545
00006552
00006569
00006576
00006583
00006590
00006606
00006613
00006620
00006637
00006644
00006651
00006668
00006675
00006682
00006699
00006705
00006712
00006729
00006736
00006743
00006750
00006767
00006774
00006781
00006798
00006804
00006811
00006828
00006835
00006842
00006859
00006866
00006873
00006880
00006897
00006903
00006910
00006927
00006934
00006941
00006958
00006965
00006972
00006989
00006996
00007009
00007016
00007023
00007030
00007047
00007054
00007061
00007078
00007085
00007092
00007108
00007115
00007122
00007139
00007146
00007153
00007160
00007177
00007184
00007191
00007207
00007214
00007221
00007238
00007245
00007252
00007269
00007276
00007283
00007290
00007306
00007313
00007320
00007337
00007344
00007351
00007368
00007375
00007382
00007399
00007405
00007412
00007429
00007436
00007443
00007450
00007467
00007474
00007481
00007498
00007504
00007511
00007528
00007535
00007542
00007559
00007566
00007573
00007580
00007597
00007603
00007610
00007627
00007634
00007641
00007658
00007665
00007672
00007689
00007696
00007702
00007719
00007726
00007733
00007740
00007757
00007764
00007771
00007788
00007795
00007801
00007818
00007825
00007832
00007849
00007856
00007863
00007870
00007887
00007894
00007900
00007917
00007924
00007931
00007948
00007955
00007962
00007979
00007986
00007993
00008006
00008013
00008020
00008037
00008044
00008051
00008068
00008075
00008082
00008099
00008105
00008112
00008129
00008136
00008143
00008150
00008167
00008174
00008181
00008198
00008204
00008211
00008228
00008235
00008242
00008259
00008266
00008273
00008280
00008297
00008303
00008310
00008327
00008334
00008341
00008358
00008365
00008372
00008389
00008396
00008402
00008419
00008426
00008433
00008440
00008457
00008464
00008471
00008488
00008495
00008501
00008518
00008525
00008532
00008549
00008556
00008563
00008570
00008587
00008594
00008600
00008617
00008624
00008631
00008648
00008655
00008662
00008679
00008686
00008693
00008709
00008716
00008723
00008730
00008747
00008754
00008761
00008778
00008785
00008792
00008808
00008815
00008822
00008839
00008846
00008853
00008860
00008877
00008884
00008891
00008907
00008914
00008921
00008938
00008945
00008952
00008969
00008976
00008983
00008990
00009003
00009010
00009027
00009034
00009041
00009058
00009065
00009072
00009089
00009096
00009102
00009119
00009126
00009133
00009140
00009157
00009164
00009171
00009188
00009195
00009201
00009218
00009225
00009232
00009249
00009256
00009263
00009270
00009287
00009294
00009300
00009317
00009324
00009331
00009348
00009355
00009362
00009379
00009386
00009393
00009409
00009416
00009423
00009430
00009447
00009454
00009461
00009478
00009485
00009492
00009508
00009515
00009522
00009539
00009546
00009553
00009560
00009577
00009584
00009591
00009607
00009614
00009621
00009638
00009645
00009652
00009669
00009676
00009683
00009690
00009706
00009713
00009720
00009737
00009744
00009751
00009768
00009775
00009782
00009799
00009805
00009812
00009829
00009836
00009843
00009850
00009867
00009874
00009881
00009898
00009904
00009911
00009928
00009935
00009942
00009959
00009966
00009973
00009980
00009997
